2 0.48984375 0.4580152671755725 0.0421875 0.07251908396946564
2 0.45234375 0.45229007633587787 0.025 0.04961832061068702
2 0.43828125 0.45038167938931295 0.0203125 0.04007633587786259
2 0.421875 0.4389312977099237 0.0203125 0.019083969465648856
2 0.4703125 0.4360687022900763 0.0109375 0.02480916030534351
2 0.4328125 0.4179389312977099 0.021875 0.015267175572519083
2 0.8625 0.42748091603053434 0.01875 0.02099236641221374
2 0.5578125 0.4713740458015267 0.08125 0.1049618320610687
2 0.62734375 0.5057251908396947 0.1421875 0.1736641221374046
2 0.8109375 0.5562977099236641 0.3640625 0.26908396946564883
2 0.92890625 0.4580152671755725 0.103125 0.06870229007633588
2 0.50546875 0.46946564885496184 0.0328125 0.08396946564885496