2 0.434375 0.6545226130653267 0.3359375 0.2185929648241206
2 0.63359375 0.6532663316582915 0.1375 0.26884422110552764
2 0.0359375 0.864321608040201 0.071875 0.2236180904522613
2 0.1828125 0.5829145728643216 0.1 0.09547738693467336
2 0.31640625 0.6017587939698492 0.3609375 0.27386934673366836
2 0.1671875 0.5 0.0984375 0.0678391959798995
2 0.040625 0.621859296482412 0.08125 0.1658291457286432
2 0.01796875 0.5113065326633166 0.0359375 0.07035175879396985
2 0.365625 0.4510050251256281 0.115625 0.02512562814070352
2 0.58984375 0.5414572864321608 0.05 0.08542713567839195
2 0.65 0.5 0.0375 0.02763819095477387
2 0.246875 0.5188442211055276 0.1125 0.10804020100502512
2 0.05390625 0.5087939698492462 0.0609375 0.08793969849246232