2 0.659375 0.6737089201877934 0.10625 0.13849765258215962
2 0.59609375 0.5011737089201878 0.0375 0.046948356807511735
2 0.14765625 0.8626760563380281 0.2953125 0.2746478873239437
2 0.5640625 0.4988262910798122 0.028125 0.03755868544600939
1 0.4171875 0.5352112676056338 0.128125 0.1807511737089202
5 0.1484375 0.6115023474178404 0.1609375 0.215962441314554
2 0.2578125 0.6197183098591549 0.0734375 0.09859154929577464
4 0.28984375 0.6971830985915493 0.03125 0.08685446009389672
5 0.60390625 0.4495305164319249 0.03125 0.05868544600938967
5 0.5671875 0.45422535211267606 0.034375 0.07042253521126761
2 0.540625 0.4460093896713615 0.01875 0.025821596244131457
2 0.51875 0.4413145539906103 0.01875 0.02112676056338028
4 0.5046875 0.613849765258216 0.0265625 0.07042253521126761
4 0.5984375 0.6232394366197183 0.078125 0.06807511737089202
4 0.5921875 0.5774647887323944 0.0875 0.06572769953051644