2 0.89296875 0.5427083333333333 0.2140625 0.23541666666666666
2 0.45625 0.3385416666666667 0.084375 0.11875
2 0.771875 0.3489583333333333 0.1625 0.13958333333333334
2 0.95 0.39166666666666666 0.1 0.12291666666666666
1 0.221875 0.19375 0.0609375 0.10625
2 0.64296875 0.28229166666666666 0.1 0.07291666666666667
2 0.70546875 0.265625 0.06875 0.058333333333333334
5 0.1296875 0.4583333333333333 0.246875 0.49166666666666664
5 0.34375 0.34270833333333334 0.184375 0.31666666666666665
5 0.6859375 0.16041666666666668 0.084375 0.0375
5 0.509375 0.2708333333333333 0.1078125 0.12708333333333333
2 0.57109375 0.259375 0.0703125 0.07916666666666666
2 0.56328125 0.22083333333333333 0.06875 0.04791666666666667
2 0.4125 0.22708333333333333 0.0359375 0.052083333333333336
5 0.6765625 0.39791666666666664 0.184375 0.18958333333333333
5 0.10859375 0.23333333333333334 0.1546875 0.21875
5 0.63125 0.2 0.04375 0.04791666666666667
5 0.95234375 0.20625 0.0953125 0.07916666666666666
2 0.77109375 0.28854166666666664 0.10625 0.075
5 0.25625 0.15625 0.0390625 0.058333333333333334
2 0.63203125 0.20104166666666667 0.0484375 0.05416666666666667
5 0.7734375 0.3489583333333333 0.1578125 0.13125