0 0.33671875 0.6479166666666667 0.2140625 0.12708333333333333
0 0.83828125 0.41458333333333336 0.0328125 0.0875
0 0.0640625 0.459375 0.0625 0.13125
0 0.8140625 0.41875 0.025 0.07708333333333334
0 0.71796875 0.42604166666666665 0.025 0.0625
5 0.36171875 0.303125 0.159375 0.12291666666666666
5 0.60546875 0.39166666666666666 0.0984375 0.08958333333333333
0 0.74921875 0.4197916666666667 0.0359375 0.075
0 0.728125 0.4166666666666667 0.0125 0.03333333333333333
0 0.08125 0.47291666666666665 0.0171875 0.1
2 0.12734375 0.3885416666666667 0.0234375 0.04375
5 0.23984375 0.32395833333333335 0.1359375 0.18541666666666667
2 0.76875 0.3958333333333333 0.0359375 0.052083333333333336
2 0.60546875 0.39375 0.1 0.08125
2 0.115625 0.3875 0.0140625 0.041666666666666664