2 0.101 0.42613636363636365 0.05 0.03977272727272727
2 0.176 0.42613636363636365 0.036 0.03125
2 0.728 0.41761363636363635 0.06 0.03409090909090909
2 0.596 0.421875 0.06 0.03125
2 0.846 0.4275568181818182 0.066 0.03977272727272727
2 0.308 0.40767045454545453 0.054 0.036931818181818184
2 0.789 0.4005681818181818 0.032 0.03409090909090909
2 0.987 0.4133522727272727 0.026 0.03409090909090909
2 0.967 0.4119318181818182 0.034 0.036931818181818184
2 0.918 0.40767045454545453 0.052 0.03409090909090909
2 0.829 0.4133522727272727 0.048 0.036931818181818184
2 0.202 0.40482954545454547 0.034 0.02556818181818182
5 0.183 0.3721590909090909 0.076 0.07102272727272728
2 0.816 0.4005681818181818 0.05 0.03125