2 0.68046875 0.3640552995391705 0.0453125 0.0576036866359447
2 0.74609375 0.3675115207373272 0.053125 0.052995391705069124
2 0.85546875 0.3490783410138249 0.0546875 0.03456221198156682
2 0.378125 0.3513824884792627 0.053125 0.03686635944700461
2 0.096875 0.358294930875576 0.0296875 0.04608294930875576
2 0.60078125 0.35714285714285715 0.0296875 0.02304147465437788
2 0.2140625 0.35944700460829493 0.06875 0.052995391705069124
2 0.125 0.36059907834101385 0.034375 0.029953917050691243
5 0.17265625 0.35714285714285715 0.0484375 0.04377880184331797
5 0.65 0.35599078341013823 0.046875 0.04838709677419355
5 0.96875 0.3548387096774194 0.04375 0.06912442396313365
5 0.475 0.35599078341013823 0.0328125 0.06682027649769585
2 0.26328125 0.3675115207373272 0.0296875 0.052995391705069124