0 0.7140625 0.9010416666666666 0.2078125 0.19791666666666666
0 0.50234375 0.9114583333333334 0.2296875 0.17708333333333334
0 0.23984375 0.9145833333333333 0.340625 0.17083333333333334
0 0.92421875 0.9114583333333334 0.1515625 0.17708333333333334
0 0.74296875 0.690625 0.20625 0.04583333333333333
0 0.48515625 0.6864583333333333 0.0125 0.04375
5 0.115625 0.634375 0.23125 0.30833333333333335
0 0.80703125 0.6833333333333333 0.0765625 0.058333333333333334
0 0.85234375 0.6614583333333334 0.0234375 0.03333333333333333
0 0.6828125 0.6864583333333333 0.0234375 0.03125
0 0.87890625 0.653125 0.03125 0.05
0 0.9125 0.6625 0.01875 0.025
0 0.7015625 0.684375 0.01875 0.03333333333333333
0 0.928125 0.6614583333333334 0.0171875 0.022916666666666665