4 0.259375 0.5979166666666667 0.3609375 0.3229166666666667
4 0.7296875 0.59375 0.4484375 0.4
1 0.8328125 0.090625 0.1515625 0.10416666666666667
2 0.79921875 0.215625 0.1171875 0.06875
2 0.61796875 0.24166666666666667 0.0859375 0.07083333333333333
2 0.51015625 0.2552083333333333 0.0703125 0.0625
2 0.90234375 0.20208333333333334 0.071875 0.0375
2 0.7671875 0.21041666666666667 0.08125 0.075
5 0.20546875 0.2864583333333333 0.34375 0.18958333333333333
2 0.67734375 0.2 0.0953125 0.05625
1 0.9515625 0.14270833333333333 0.096875 0.13958333333333334
2 0.5265625 0.21666666666666667 0.0421875 0.016666666666666666
2 0.49296875 0.21666666666666667 0.0328125 0.01875