2 0.20546875 0.6788154897494305 0.0171875 0.02050113895216401
2 0.2296875 0.6810933940774487 0.0125 0.018223234624145785
2 0.22734375 0.6560364464692483 0.0109375 0.02050113895216401
2 0.2234375 0.6366742596810934 0.0125 0.022779043280182234
2 0.19921875 0.6571753986332574 0.0109375 0.018223234624145785
2 0.175 0.4510250569476082 0.0109375 0.018223234624145785
5 0.8328125 0.15375854214123008 0.0125 0.02050113895216401
5 0.2046875 0.6287015945330297 0.0125 0.022779043280182234
2 0.16171875 0.4760820045558087 0.0265625 0.018223234624145785
2 0.16640625 0.3792710706150342 0.0140625 0.015945330296127564
2 0.4109375 0.5148063781321185 0.03125 0.01366742596810934
5 0.85078125 0.17198177676537585 0.0109375 0.03189066059225513
5 0.9234375 0.33826879271070615 0.0140625 0.03189066059225513