0 0.84765625 0.27291666666666664 0.1390625 0.15416666666666667
0 0.6375 0.33229166666666665 0.1453125 0.26458333333333334
2 0.12109375 0.33229166666666665 0.2359375 0.15625
2 0.915625 0.175 0.0609375 0.05625
2 0.8453125 0.1875 0.059375 0.052083333333333336
0 0.70390625 0.30833333333333335 0.1015625 0.23333333333333334
5 0.47578125 0.4708333333333333 0.8 0.8166666666666667
0 0.61171875 0.4125 0.0859375 0.17083333333333334
0 0.89609375 0.26458333333333334 0.0890625 0.16875
0 0.796875 0.3489583333333333 0.025 0.07916666666666666
2 0.99375 0.15729166666666666 0.0125 0.029166666666666667
2 0.875 0.17291666666666666 0.034375 0.03333333333333333
2 0.9484375 0.16770833333333332 0.025 0.03333333333333333
2 0.9796875 0.23125 0.040625 0.1
2 0.79765625 0.19895833333333332 0.0703125 0.058333333333333334
0 0.73515625 0.30104166666666665 0.08125 0.23125