2 0.68984375 0.8185011709601874 0.0609375 0.07962529274004684
2 0.16328125 0.9414519906323185 0.0890625 0.0936768149882904
2 0.6828125 0.680327868852459 0.021875 0.03278688524590164
1 0.7625 0.7014051522248244 0.05 0.0702576112412178
2 0.64921875 0.7177985948477752 0.0328125 0.0351288056206089
2 0.6984375 0.7283372365339579 0.0375 0.01873536299765808
2 0.76171875 0.7014051522248244 0.05 0.0702576112412178
2 0.7140625 0.6733021077283372 0.0171875 0.02107728337236534
2 0.70234375 0.7107728337236534 0.0296875 0.03747072599531616
2 0.4015625 0.7775175644028103 0.0375 0.02107728337236534
2 0.7234375 0.6346604215456675 0.0203125 0.01639344262295082