2 0.28203125 0.2335858585858586 0.05 0.030303030303030304
2 0.42890625 0.3446969696969697 0.421875 0.26515151515151514
2 0.72109375 0.32702020202020204 0.415625 0.29545454545454547
2 0.88125 0.24368686868686867 0.1796875 0.14646464646464646
2 0.08046875 0.29924242424242425 0.1453125 0.1893939393939394
2 0.20703125 0.3207070707070707 0.1359375 0.17676767676767677
2 0.79140625 0.20075757575757575 0.1171875 0.06060606060606061
2 0.5765625 0.21464646464646464 0.153125 0.09343434343434344
2 0.01015625 0.3106060606060606 0.0203125 0.15404040404040403
2 0.20859375 0.2222222222222222 0.09375 0.04040404040404041
2 0.3953125 0.20833333333333334 0.0671875 0.027777777777777776