4 0.6546875 0.6541666666666667 0.1875 0.18958333333333333
4 0.50625 0.5708333333333333 0.1453125 0.18541666666666667
4 0.41796875 0.5125 0.05625 0.10625
4 0.59296875 0.5 0.084375 0.08541666666666667
4 0.64296875 0.5333333333333333 0.0734375 0.10208333333333333
2 0.57890625 0.4322916666666667 0.053125 0.04583333333333333
2 0.91015625 0.4583333333333333 0.178125 0.08958333333333333
5 0.87109375 0.3958333333333333 0.2578125 0.17916666666666667
2 0.37109375 0.3854166666666667 0.0140625 0.014583333333333334
2 0.96875 0.5322916666666667 0.0625 0.041666666666666664
2 0.4765625 0.3854166666666667 0.025 0.020833333333333332
2 0.38046875 0.378125 0.0125 0.014583333333333334
2 0.35703125 0.3875 0.0109375 0.01875
4 0.978125 0.5645833333333333 0.04375 0.10208333333333333
4 0.85 0.46875 0.0421875 0.06041666666666667
4 0.6375 0.525 0.090625 0.08333333333333333
4 0.47578125 0.5375 0.065625 0.06875