2 0.20703125 0.8403263403263403 0.140625 0.1561771561771562
2 0.52421875 0.5501165501165501 0.0625 0.08158508158508158
2 0.3921875 0.7377622377622378 0.0875 0.1048951048951049
2 0.41328125 0.6526806526806527 0.071875 0.07459207459207459
2 0.4265625 0.6212121212121212 0.0578125 0.06293706293706294
2 0.5296875 0.6410256410256411 0.0671875 0.08158508158508158
5 0.284375 0.6468531468531469 0.1203125 0.19114219114219114
5 0.203125 0.8344988344988346 0.1296875 0.14685314685314685
5 0.58359375 0.5233100233100233 0.0484375 0.06526806526806526
5 0.4390625 0.5081585081585082 0.05625 0.055944055944055944
2 0.421875 0.5606060606060606 0.059375 0.046620046620046623
2 0.1265625 0.9452214452214452 0.1390625 0.08857808857808858
2 0.51796875 0.5920745920745921 0.05625 0.06526806526806526
5 0.640625 0.655011655011655 0.08125 0.12121212121212122
5 0.52265625 0.486013986013986 0.05 0.05128205128205128
2 0.39765625 0.46503496503496505 0.0375 0.04428904428904429
2 0.41484375 0.4382284382284382 0.034375 0.02564102564102564