2 0.5541666666666667 0.86015625 0.025 0.028125
2 0.3104166666666667 0.90546875 0.19375 0.1203125
2 0.46770833333333334 0.878125 0.06666666666666667 0.075
2 0.49895833333333334 0.87109375 0.05 0.0484375
2 0.5177083333333333 0.86328125 0.0375 0.034375
2 0.7197916666666667 0.86328125 0.0625 0.040625
2 0.178125 0.93984375 0.34375 0.1203125
2 0.5333333333333333 0.86328125 0.027083333333333334 0.0296875
2 0.40520833333333334 0.859375 0.05 0.034375
2 0.59375 0.86015625 0.05416666666666667 0.03125
2 0.6552083333333333 0.85390625 0.035416666666666666 0.0265625