4 0.61796875 0.7224824355971897 0.203125 0.49414519906323184
4 0.51640625 0.6861826697892272 0.9546875 0.5901639344262295
4 0.31328125 0.6065573770491803 0.0765625 0.28337236533957844
4 0.2484375 0.5960187353629977 0.0875 0.24355971896955503
4 0.78984375 0.5585480093676815 0.084375 0.3044496487119438
4 0.51796875 0.5585480093676815 0.121875 0.3442622950819672
4 0.03359375 0.7833723653395784 0.0640625 0.2529274004683841
4 0.109375 0.4953161592505855 0.046875 0.0702576112412178
4 0.77734375 0.5386416861826698 0.0328125 0.19672131147540983
5 0.9546875 0.18384074941451992 0.0828125 0.10070257611241218
4 0.721875 0.4601873536299766 0.0328125 0.10772833723653395
4 0.96171875 0.4519906323185012 0.0765625 0.26697892271662765
4 0.2703125 0.46955503512880564 0.0453125 0.09601873536299765