2 0.18203125 0.565625 0.34375 0.3770833333333333
2 0.48828125 0.503125 0.0125 0.027083333333333334
2 0.36171875 0.54375 0.1296875 0.18125
2 0.44609375 0.5 0.040625 0.041666666666666664
2 0.4734375 0.5010416666666667 0.0203125 0.03125
2 0.51328125 0.4979166666666667 0.015625 0.016666666666666666
2 0.41796875 0.49583333333333335 0.0328125 0.0375
2 0.49609375 0.49895833333333334 0.0203125 0.03125
5 0.72890625 0.6479166666666667 0.4515625 0.45416666666666666
2 0.52578125 0.521875 0.0515625 0.041666666666666664
2 0.51015625 0.5020833333333333 0.009375 0.01875