2 0.22109375 0.41770833333333335 0.125 0.09583333333333334
2 0.0390625 0.4583333333333333 0.0703125 0.13541666666666666
4 0.18359375 0.5520833333333334 0.246875 0.24166666666666667
4 0.74609375 0.6229166666666667 0.2546875 0.25625
4 0.33828125 0.521875 0.1375 0.12916666666666668
4 0.9203125 0.5916666666666667 0.159375 0.21458333333333332
4 0.59140625 0.6052083333333333 0.053125 0.11666666666666667
1 0.021875 0.35104166666666664 0.0421875 0.14583333333333334
5 0.21796875 0.425 0.1359375 0.12083333333333333
4 0.74609375 0.5083333333333333 0.0953125 0.09375
4 0.89453125 0.4864583333333333 0.0921875 0.075
4 0.79765625 0.5427083333333333 0.1203125 0.12708333333333333
2 0.65546875 0.325 0.0171875 0.01875
2 0.86328125 0.32395833333333335 0.0328125 0.035416666666666666