2 0.78125 0.8274647887323944 0.4375 0.31220657276995306
2 0.6234375 0.7288732394366197 0.1734375 0.1643192488262911
2 0.178125 0.7194835680751174 0.203125 0.1643192488262911
2 0.53359375 0.67018779342723 0.0828125 0.07511737089201878
4 0.31796875 0.8274647887323944 0.0921875 0.19953051643192488
2 0.53671875 0.6291079812206573 0.0578125 0.03051643192488263
2 0.5015625 0.6384976525821596 0.01875 0.03051643192488263
2 0.40625 0.6431924882629108 0.0359375 0.04929577464788732
2 0.378125 0.6525821596244131 0.0359375 0.056338028169014086
2 0.66328125 0.6502347417840375 0.1125 0.03755868544600939
2 0.47421875 0.6302816901408451 0.0109375 0.01643192488262911
2 0.5625 0.6842723004694836 0.084375 0.08685446009389672
2 0.3546875 0.6631455399061033 0.05 0.06807511737089202
2 0.540625 0.636150234741784 0.0703125 0.023474178403755867