2 0.152 0.9307228915662651 0.104 0.07228915662650602
2 0.065 0.9503012048192772 0.128 0.09939759036144578
2 0.298 0.9246987951807228 0.13 0.060240963855421686
2 0.796 0.9006024096385542 0.048 0.045180722891566265
2 0.739 0.8930722891566265 0.048 0.04819277108433735
2 0.584 0.9081325301204819 0.064 0.05120481927710843
2 0.83 0.8840361445783133 0.034 0.03614457831325301
4 0.401 0.9548192771084337 0.086 0.08433734939759036
4 0.626 0.9593373493975904 0.06 0.07530120481927711
1 0.565 0.8840361445783133 0.136 0.10240963855421686
2 0.375 0.9322289156626506 0.144 0.0783132530120482
2 0.887 0.875 0.046 0.04819277108433735
2 0.534 0.9096385542168675 0.06 0.04216867469879518
2 0.461 0.9096385542168675 0.066 0.07228915662650602