2 0.465625 0.18160377358490565 0.0375 0.030660377358490566
2 0.72578125 0.15212264150943397 0.0328125 0.03773584905660377
2 0.86328125 0.14268867924528303 0.0390625 0.04245283018867924
2 0.77265625 0.14976415094339623 0.0421875 0.03537735849056604
2 0.70859375 0.15212264150943397 0.0140625 0.02830188679245283
2 0.284375 0.20047169811320756 0.0328125 0.02122641509433962
2 0.54921875 0.17099056603773585 0.04375 0.02122641509433962
2 0.59296875 0.16391509433962265 0.015625 0.014150943396226415
2 0.6859375 0.15683962264150944 0.034375 0.02830188679245283
2 0.64765625 0.16037735849056603 0.0390625 0.02830188679245283
2 0.51953125 0.18160377358490565 0.028125 0.02830188679245283
2 0.396875 0.1875 0.03125 0.02122641509433962
2 0.35859375 0.1945754716981132 0.0171875 0.01650943396226415