2 0.05390625 0.6517647058823529 0.09375 0.11294117647058824
2 0.18671875 0.6376470588235295 0.1171875 0.07764705882352942
2 0.134375 0.6458823529411765 0.0734375 0.07529411764705882
2 0.1171875 0.64 0.0453125 0.05647058823529412
2 0.503125 0.6094117647058823 0.0375 0.021176470588235293
2 0.5546875 0.6176470588235294 0.053125 0.04470588235294118
2 0.575 0.5929411764705882 0.040625 0.021176470588235293
2 0.88203125 0.5458823529411765 0.0296875 0.03058823529411765
2 0.65 0.591764705882353 0.025 0.011764705882352941
2 0.66953125 0.6011764705882353 0.046875 0.02588235294117647
5 0.36171875 0.6082352941176471 0.259375 0.25882352941176473
2 0.959375 0.5223529411764706 0.0234375 0.01647058823529412
2 0.53203125 0.6070588235294118 0.021875 0.021176470588235293
2 0.97734375 0.5176470588235295 0.0109375 0.01411764705882353