2 0.165625 0.48203125 0.33125 0.178125
2 0.42604166666666665 0.50703125 0.22708333333333333 0.103125
2 0.9145833333333333 0.45625 0.13541666666666666 0.0328125
2 0.5385416666666667 0.45546875 0.06875 0.0328125
2 0.5239583333333333 0.453125 0.058333333333333334 0.0234375
4 0.5229166666666667 0.59609375 0.30416666666666664 0.2609375
4 0.8395833333333333 0.58515625 0.30625 0.2171875
4 0.15208333333333332 0.60625 0.22083333333333333 0.2921875
4 0.9802083333333333 0.54765625 0.03958333333333333 0.1140625
2 0.9791666666666666 0.48203125 0.041666666666666664 0.0390625
5 0.7166666666666667 0.49921875 0.40208333333333335 0.14375
5 0.3875 0.44296875 0.10208333333333333 0.0265625
5 0.3333333333333333 0.44296875 0.09583333333333334 0.034375
5 0.8864583333333333 0.45625 0.07708333333333334 0.0328125
2 0.8354166666666667 0.4625 0.16458333333333333 0.03125