0 0.646875 0.8576470588235294 0.1390625 0.09176470588235294
0 0.5390625 0.808235294117647 0.0453125 0.09647058823529411
0 0.4953125 0.8188235294117647 0.0265625 0.1011764705882353
0 0.8109375 0.8423529411764706 0.05625 0.08705882352941176
0 0.896875 0.9211764705882353 0.09375 0.13176470588235295
0 0.90546875 0.8741176470588236 0.15 0.21411764705882352
0 0.69375 0.8164705882352942 0.0828125 0.12470588235294118
0 0.665625 0.7929411764705883 0.0515625 0.09176470588235294
0 0.59140625 0.8117647058823529 0.0796875 0.09176470588235294
0 0.47265625 0.8094117647058824 0.0328125 0.06352941176470588
0 0.76640625 0.8505882352941176 0.025 0.04
0 0.7546875 0.8047058823529412 0.08125 0.15058823529411763
0 0.46328125 0.78 0.0609375 0.07058823529411765