2 0.6253731343283582 0.732 0.1880597014925373 0.088
2 0.5238805970149254 0.673 0.15223880597014924 0.072
2 0.8044776119402985 0.675 0.09850746268656717 0.048
2 0.9671641791044776 0.679 0.06567164179104477 0.048
2 0.7014925373134329 0.664 0.04477611940298507 0.026
2 0.755223880597015 0.664 0.03283582089552239 0.028
2 0.9164179104477612 0.675 0.08955223880597014 0.048
2 0.6761194029850747 0.658 0.050746268656716415 0.03
2 0.6014925373134329 0.657 0.03880597014925373 0.026
2 0.8567164179104477 0.667 0.04776119402985075 0.034
2 0.7313432835820896 0.668 0.020895522388059702 0.02