2 0.7875 0.29859484777517564 0.14375 0.07259953161592506
4 0.40390625 0.5702576112412178 0.4890625 0.3957845433255269
4 0.65 0.40749414519906324 0.1421875 0.20843091334894615
4 0.690625 0.41569086651053866 0.11875 0.2154566744730679
4 0.58203125 0.49765807962529274 0.159375 0.27400468384074944
4 0.646875 0.49063231850117095 0.1359375 0.2388758782201405
4 0.7421875 0.41451990632318503 0.1171875 0.19437939110070257
4 0.61015625 0.468384074941452 0.1234375 0.24824355971896955
2 0.865625 0.3009367681498829 0.1 0.07728337236533958
2 0.8671875 0.25526932084309134 0.1203125 0.05152224824355972
4 0.56328125 0.4847775175644028 0.0984375 0.14285714285714285
4 0.78046875 0.40046838407494145 0.075 0.17096018735362997