4 0.24174174174174173 0.843 0.18018018018018017 0.084
2 0.4024024024024024 0.758 0.17717717717717718 0.054
2 0.6486486486486487 0.752 0.12012012012012012 0.036
2 0.5570570570570571 0.748 0.09009009009009009 0.028
2 0.2072072072072072 0.747 0.14714714714714713 0.036
2 0.1006006006006006 0.741 0.14114114114114115 0.034
2 0.04054054054054054 0.754 0.07507507507507508 0.04
2 0.512012012012012 0.742 0.09309309309309309 0.03
2 0.6801801801801802 0.736 0.06306306306306306 0.02
2 0.7012012012012012 0.716 0.08408408408408409 0.026
2 0.8783783783783784 0.742 0.057057057057057055 0.024
2 0.7297297297297297 0.742 0.036036036036036036 0.02
5 0.7762762762762763 0.734 0.07807807807807808 0.042
2 0.9039039039039038 0.739 0.03303303303303303 0.02