0 0.95078125 0.628125 0.0609375 0.09375
1 0.68671875 0.25729166666666664 0.2078125 0.14375
2 0.415625 0.7666666666666667 0.375 0.3020833333333333
2 0.2046875 0.5895833333333333 0.359375 0.28541666666666665
2 0.15234375 0.403125 0.2609375 0.14166666666666666
2 0.53046875 0.26979166666666665 0.1171875 0.07083333333333333
2 0.80625 0.26145833333333335 0.0359375 0.03958333333333333
2 0.84296875 0.25625 0.04375 0.03958333333333333
2 0.97265625 0.2625 0.053125 0.04583333333333333
2 0.025 0.5583333333333333 0.05 0.12916666666666668
2 0.034375 0.33541666666666664 0.06875 0.1375
2 0.3890625 0.21145833333333333 0.028125 0.03958333333333333
2 0.2359375 0.17708333333333334 0.025 0.0375
2 0.89765625 0.24791666666666667 0.0546875 0.035416666666666666
2 0.4890625 0.25 0.06875 0.041666666666666664