2 0.59453125 0.7177083333333333 0.0828125 0.10416666666666667
2 0.45234375 0.7791666666666667 0.084375 0.11458333333333333
2 0.63984375 0.9114583333333334 0.1296875 0.15416666666666667
2 0.70078125 0.6520833333333333 0.0859375 0.08541666666666667
2 0.74296875 0.7416666666666667 0.0921875 0.10625
2 0.65078125 0.5739583333333333 0.0578125 0.06666666666666667
2 0.6140625 0.49375 0.040625 0.04583333333333333
2 0.5921875 0.4583333333333333 0.0375 0.04583333333333333
2 0.5734375 0.43125 0.0328125 0.0375
5 0.465625 0.5604166666666667 0.10625 0.24166666666666667
5 0.88046875 0.8447916666666667 0.2390625 0.3104166666666667
2 0.559375 0.409375 0.0265625 0.029166666666666667
2 0.52734375 0.44583333333333336 0.0296875 0.029166666666666667
5 0.484375 0.390625 0.025 0.0375
5 0.51640625 0.38333333333333336 0.0234375 0.035416666666666666
5 0.5703125 0.6010416666666667 0.06875 0.07916666666666666
2 0.55546875 0.553125 0.05625 0.07083333333333333