2 0.33671875 0.8818342151675485 0.296875 0.20634920634920634
2 0.60625 0.890652557319224 0.278125 0.21869488536155202
2 0.67578125 0.7804232804232805 0.253125 0.13227513227513227
2 0.9 0.7998236331569665 0.2 0.14285714285714285
1 0.2375 0.6878306878306878 0.4359375 0.16225749559082892
1 0.7359375 0.7045855379188712 0.528125 0.21516754850088182
2 0.378125 0.763668430335097 0.146875 0.10582010582010581
2 0.18046875 0.86331569664903 0.1375 0.18694885361552027
2 0.19453125 0.7768959435626103 0.203125 0.08465608465608465
2 0.02734375 0.8474426807760141 0.0484375 0.10229276895943562
2 0.04765625 0.7901234567901234 0.0953125 0.08641975308641975
2 0.0375 0.7522045855379189 0.075 0.042328042328042326