2 0.278 0.5530035335689046 0.086 0.11307420494699646
2 0.372 0.5229681978798587 0.068 0.08480565371024736
2 0.423 0.5229681978798587 0.042 0.0636042402826855
4 0.663 0.8851590106007067 0.164 0.20848056537102475
4 0.131 0.8374558303886925 0.206 0.29328621908127206
4 0.328 0.6395759717314488 0.036 0.10247349823321555
4 0.552 0.6378091872791519 0.024 0.08480565371024736
4 0.475 0.6360424028268551 0.028 0.0812720848056537
4 0.519 0.5971731448763251 0.02 0.06007067137809187
4 0.03 0.7561837455830389 0.06 0.26148409893992935
4 0.506 0.5653710247349824 0.012 0.04240282685512368
4 0.194 0.5247349823321554 0.012 0.02120141342756184
4 0.447 0.5477031802120141 0.008 0.0353356890459364