0 0.466 0.66 0.62 0.6053333333333333
0 0.058 0.4226666666666667 0.042 0.18666666666666668
0 0.103 0.4 0.078 0.23466666666666666
0 0.151 0.46 0.148 0.42933333333333334
0 0.63 0.41733333333333333 0.12 0.3413333333333333
0 0.771 0.384 0.138 0.136
0 0.123 0.44133333333333336 0.062 0.14133333333333334
0 0.389 0.3293333333333333 0.06 0.08266666666666667
1 0.193 0.16 0.166 0.20533333333333334
0 0.213 0.4226666666666667 0.056 0.16266666666666665
0 0.802 0.308 0.092 0.11733333333333333
0 0.968 0.3426666666666667 0.04 0.23466666666666666
0 0.319 0.5773333333333334 0.052 0.088