4 0.41796875 0.565625 0.0578125 0.1375
4 0.65625 0.5552083333333333 0.0515625 0.11458333333333333
4 0.23125 0.534375 0.046875 0.1125
4 0.52109375 0.521875 0.025 0.06458333333333334
4 0.4484375 0.5052083333333334 0.021875 0.07083333333333333
2 0.85859375 0.5135416666666667 0.059375 0.0625
2 0.33984375 0.4864583333333333 0.03125 0.027083333333333334
2 0.29140625 0.4822916666666667 0.0375 0.03958333333333333
2 0.3296875 0.4791666666666667 0.0234375 0.027083333333333334
2 0.82421875 0.509375 0.025 0.03958333333333333
2 0.925 0.4739583333333333 0.0203125 0.022916666666666665
2 0.7734375 0.4666666666666667 0.015625 0.022916666666666665
2 0.76171875 0.46875 0.0109375 0.022916666666666665
2 0.75 0.46979166666666666 0.0203125 0.029166666666666667
2 0.7359375 0.45 0.0203125 0.01875
2 0.696875 0.4552083333333333 0.01875 0.0125
2 0.78984375 0.46041666666666664 0.0140625 0.022916666666666665
2 0.86953125 0.44479166666666664 0.025 0.01875