2 0.2140625 0.903125 0.2578125 0.17291666666666666
2 0.73828125 0.80625 0.0578125 0.05416666666666667
2 0.68984375 0.8791666666666667 0.1109375 0.12916666666666668
2 0.965625 0.8166666666666667 0.0671875 0.08125
2 0.25390625 0.79375 0.14375 0.06041666666666667
2 0.81484375 0.8052083333333333 0.0546875 0.05
2 0.6640625 0.8020833333333334 0.040625 0.05
2 0.646875 0.7760416666666666 0.0234375 0.020833333333333332
2 0.83671875 0.7802083333333333 0.0265625 0.022916666666666665
2 0.7671875 0.7822916666666667 0.0578125 0.035416666666666666
2 0.603125 0.7864583333333334 0.075 0.06041666666666667
2 0.8578125 0.8020833333333334 0.0375 0.025
2 0.5859375 0.8 0.0625 0.07916666666666666