2 0.3265625 0.5656063618290258 0.053125 0.02982107355864811
2 0.10546875 0.5685884691848907 0.075 0.041749502982107355
5 0.64453125 0.5506958250497018 0.1375 0.07554671968190854
5 0.828125 0.5566600397614314 0.1390625 0.06560636182902585
1 0.91796875 0.536779324055666 0.06875 0.02186878727634195
2 0.5296875 0.5576540755467196 0.025 0.019880715705765408
2 0.54453125 0.5556660039761432 0.01875 0.015904572564612324
2 0.5671875 0.5546719681908548 0.015625 0.015904572564612324
2 0.48515625 0.5506958250497018 0.021875 0.013916500994035786
2 0.21796875 0.5636182902584493 0.040625 0.02186878727634195
2 0.15234375 0.5805168986083499 0.084375 0.033797216699801194