2 0.9546875 0.65625 0.090625 0.0375
2 0.94921875 0.6458333333333334 0.1015625 0.04583333333333333
2 0.65859375 0.6177083333333333 0.0296875 0.035416666666666666
2 0.40390625 0.653125 0.1125 0.07708333333333334
2 0.2828125 0.6145833333333334 0.0953125 0.04583333333333333
2 0.09375 0.5989583333333334 0.025 0.0375
2 0.7703125 0.6229166666666667 0.0140625 0.014583333333333334
2 0.9140625 0.6385416666666667 0.0328125 0.025
2 0.1953125 0.6041666666666666 0.059375 0.05
2 0.12265625 0.5989583333333334 0.03125 0.035416666666666666
2 0.5296875 0.609375 0.028125 0.014583333333333334
2 0.03984375 0.59375 0.0421875 0.025