2 0.80625 0.49166666666666664 0.1328125 0.1125
2 0.87890625 0.46979166666666666 0.0796875 0.07916666666666666
2 0.9109375 0.459375 0.04375 0.06666666666666667
2 0.05625 0.50625 0.1109375 0.13125
5 0.3765625 0.5083333333333333 0.7359375 0.7645833333333333
2 0.946875 0.428125 0.0515625 0.0375
2 0.97421875 0.43125 0.015625 0.035416666666666666
2 0.04609375 0.46145833333333336 0.0921875 0.07291666666666667
2 0.9296875 0.43333333333333335 0.025 0.03333333333333333
2 0.0609375 0.42916666666666664 0.0546875 0.014583333333333334
2 0.08828125 0.43854166666666666 0.0453125 0.03125