2 0.70703125 0.7572916666666667 0.065625 0.0625
2 0.47890625 0.765625 0.09375 0.06041666666666667
2 0.5828125 0.7572916666666667 0.0453125 0.04375
2 0.54140625 0.75625 0.0578125 0.05416666666666667
2 0.63984375 0.7489583333333333 0.03125 0.035416666666666666
2 0.61875 0.753125 0.0328125 0.0375
2 0.23984375 0.7239583333333334 0.0671875 0.03333333333333333
2 0.6703125 0.7479166666666667 0.03125 0.035416666666666666
2 0.3453125 0.725 0.065625 0.035416666666666666
2 0.74609375 0.740625 0.0203125 0.010416666666666666
5 0.7984375 0.7677083333333333 0.08125 0.09791666666666667
5 0.1921875 0.7125 0.046875 0.035416666666666666
5 0.46328125 0.7322916666666667 0.115625 0.058333333333333334
2 0.5234375 0.7291666666666666 0.0203125 0.0125