2 0.75 0.7614213197969543 0.088 0.06091370558375635
2 0.63 0.7322335025380711 0.088 0.06598984771573604
2 0.181 0.6865482233502538 0.05 0.050761421319796954
2 0.873 0.6725888324873096 0.068 0.048223350253807105
1 0.348 0.41116751269035534 0.04 0.027918781725888325
2 0.826 0.8109137055837563 0.086 0.09898477157360407
2 0.949 0.6522842639593909 0.056 0.04314720812182741
2 0.726 0.5634517766497462 0.05 0.03299492385786802
2 0.796 0.549492385786802 0.036 0.027918781725888325
2 0.83 0.5558375634517766 0.038 0.027918781725888325
2 0.974 0.6865482233502538 0.052 0.06091370558375635
2 0.611 0.5647208121827412 0.046 0.03299492385786802
2 0.557 0.5393401015228426 0.044 0.03299492385786802
2 0.642 0.5558375634517766 0.03 0.030456852791878174