2 0.4515625 0.459375 0.0796875 0.0625
2 0.76640625 0.478125 0.0546875 0.07291666666666667
2 0.8921875 0.4739583333333333 0.1078125 0.07916666666666666
2 0.04765625 0.521875 0.0953125 0.10208333333333333
2 0.51875 0.45625 0.0484375 0.06666666666666667
2 0.796875 0.45208333333333334 0.0171875 0.025
2 0.478125 0.4583333333333333 0.0328125 0.06458333333333334
2 0.07578125 0.459375 0.0328125 0.016666666666666666
2 0.496875 0.44375 0.046875 0.04791666666666667
2 0.0265625 0.47708333333333336 0.053125 0.075
5 0.3140625 0.509375 0.1890625 0.17708333333333334
5 0.84609375 0.453125 0.0859375 0.08958333333333333
2 0.74140625 0.4427083333333333 0.0953125 0.0375