2 0.2328125 0.25729166666666664 0.0359375 0.03333333333333333
2 0.18125 0.24895833333333334 0.01875 0.01875
2 0.146875 0.24791666666666667 0.0203125 0.016666666666666666
5 0.23203125 0.25833333333333336 0.0359375 0.03125
2 0.465625 0.271875 0.028125 0.014583333333333334
2 0.490625 0.26875 0.021875 0.014583333333333334
2 0.55625 0.2708333333333333 0.040625 0.022916666666666665
2 0.11953125 0.24270833333333333 0.0109375 0.014583333333333334
2 0.81796875 0.30416666666666664 0.0609375 0.08333333333333333
2 0.62578125 0.2760416666666667 0.0359375 0.0125
2 0.60234375 0.29270833333333335 0.0328125 0.05416666666666667
5 0.18046875 0.24791666666666667 0.0203125 0.016666666666666666