2 0.546875 0.5885416666666666 0.184375 0.10833333333333334
2 0.27109375 0.5489583333333333 0.0734375 0.05
2 0.1890625 0.5333333333333333 0.0734375 0.04583333333333333
2 0.13125 0.5333333333333333 0.046875 0.03958333333333333
2 0.0859375 0.565625 0.08125 0.05625
2 0.0984375 0.5291666666666667 0.040625 0.035416666666666666
4 0.1703125 0.58125 0.0578125 0.08125
4 0.434375 0.6354166666666666 0.08125 0.03333333333333333
0 0.7265625 0.6125 0.065625 0.025
5 0.87265625 0.5447916666666667 0.2546875 0.1875
5 0.1109375 0.6895833333333333 0.2203125 0.4041666666666667
5 0.1890625 0.5364583333333334 0.075 0.05625
2 0.34375 0.559375 0.028125 0.04375