2 0.91875 0.8066502463054187 0.0953125 0.11822660098522167
2 0.53203125 0.7660098522167488 0.0484375 0.09852216748768473
2 0.846875 0.8140394088669951 0.0375 0.0665024630541872
2 0.0765625 0.7229064039408867 0.153125 0.20689655172413793
1 0.68515625 0.6859605911330049 0.271875 0.3645320197044335
5 0.3125 0.6268472906403941 0.3859375 0.49507389162561577
2 0.8578125 0.6637931034482759 0.0125 0.019704433497536946
2 0.83046875 0.6699507389162561 0.0171875 0.022167487684729065
2 0.87734375 0.8029556650246306 0.0203125 0.08620689655172414
2 0.82734375 0.7130541871921182 0.0125 0.046798029556650245
2 0.83828125 0.6440886699507389 0.0125 0.019704433497536946
2 0.859375 0.6502463054187192 0.0140625 0.017241379310344827
1 0.51875 0.7475369458128078 0.0484375 0.12561576354679804