0 0.5508021390374331 0.745 0.16844919786096257 0.346
0 0.2580213903743315 0.565 0.13368983957219252 0.194
2 0.8836898395721925 0.411 0.232620320855615 0.112
2 0.3462566844919786 0.353 0.09893048128342247 0.054
2 0.25267379679144386 0.342 0.01871657754010695 0.024
2 0.009358288770053475 0.339 0.01871657754010695 0.048
2 0.016042780748663103 0.312 0.03208556149732621 0.024
0 0.820855614973262 0.628 0.21657754010695188 0.272
0 0.06951871657754011 0.608 0.13903743315508021 0.258
2 0.43983957219251335 0.364 0.12299465240641712 0.07
2 0.05481283422459893 0.304 0.026737967914438502 0.012
2 0.9933155080213903 0.352 0.013368983957219251 0.03
2 0.4839572192513369 0.323 0.05080213903743316 0.026
0 0.6577540106951871 0.379 0.026737967914438502 0.032