2 0.5609375 0.1990632318501171 0.0265625 0.04449648711943794
2 0.5921875 0.18969555035128804 0.0484375 0.03747072599531616
2 0.87734375 0.17096018735362997 0.0234375 0.02576112412177986
2 0.5234375 0.1920374707259953 0.0609375 0.07728337236533958
2 0.59765625 0.16627634660421545 0.028125 0.04215456674473068
5 0.30078125 0.17330210772833723 0.2171875 0.18501170960187355
2 0.98671875 0.17330210772833723 0.0265625 0.0234192037470726
2 0.97109375 0.17447306791569087 0.00625 0.01873536299765808
2 0.94921875 0.1721311475409836 0.025 0.0234192037470726
5 0.54609375 0.15105386416861827 0.078125 0.03747072599531616
5 0.4625 0.1721311475409836 0.11875 0.12412177985948478
5 0.69765625 0.14168618266978922 0.05625 0.01405152224824356
5 0.91875 0.1686182669789227 0.0359375 0.03278688524590164
2 0.89609375 0.17330210772833723 0.015625 0.0234192037470726
5 0.784375 0.16393442622950818 0.0515625 0.04918032786885246
2 0.91875 0.1686182669789227 0.034375 0.03278688524590164