0 0.315625 0.5111336032388664 0.609375 0.757085020242915
4 0.61171875 0.24493927125506074 0.2375 0.34615384615384615
4 0.7453125 0.11639676113360324 0.1375 0.19230769230769232
4 0.37734375 0.14676113360323886 0.284375 0.22874493927125505
4 0.23984375 0.14676113360323886 0.25625 0.27125506072874495
4 0.58828125 0.07793522267206478 0.1453125 0.12348178137651822
4 0.45625 0.06578947368421052 0.1875 0.12550607287449392
4 0.90078125 0.15587044534412955 0.171875 0.2408906882591093
0 0.6 0.1082995951417004 0.084375 0.09109311740890688
0 0.1984375 0.02834008097165992 0.084375 0.05465587044534413
2 0.94609375 0.019230769230769232 0.096875 0.038461538461538464
2 0.71875 0.016194331983805668 0.084375 0.032388663967611336
2 0.82734375 0.02327935222672065 0.1421875 0.0465587044534413
4 0.3765625 0.03441295546558704 0.128125 0.06882591093117409
4 0.44375 0.019230769230769232 0.1078125 0.038461538461538464
4 0.28515625 0.039473684210526314 0.128125 0.07894736842105263