2 0.13125 0.5827505827505828 0.2625 0.2913752913752914
2 0.27734375 0.5629370629370629 0.1796875 0.2494172494172494
2 0.37578125 0.5256410256410257 0.0578125 0.07226107226107226
2 0.79921875 0.44638694638694637 0.0453125 0.04895104895104895
2 0.7359375 0.458041958041958 0.01875 0.053613053613053616
2 0.84296875 0.44522144522144524 0.0140625 0.027972027972027972
2 0.8234375 0.4393939393939394 0.0140625 0.03496503496503497
2 0.74296875 0.45104895104895104 0.0359375 0.06526806526806526
0 0.76484375 0.46853146853146854 0.0109375 0.04195804195804196
0 0.7921875 0.4696969696969697 0.0125 0.037296037296037296
2 0.17421875 0.4324009324009324 0.0390625 0.02564102564102564
2 0.02109375 0.6153846153846154 0.0421875 0.22144522144522144