2 0.28125 0.3864168618266979 0.021875 0.02107728337236534
2 0.3046875 0.36768149882903983 0.028125 0.03044496487119438
2 0.67265625 0.4344262295081967 0.0328125 0.0234192037470726
2 0.70703125 0.44379391100702575 0.034375 0.02810304449648712
2 0.7828125 0.468384074941452 0.025 0.02107728337236534
2 0.61640625 0.4203747072599532 0.025 0.01873536299765808
2 0.1953125 0.4344262295081967 0.025 0.02576112412177986
2 0.5046875 0.38992974238875877 0.021875 0.01873536299765808
2 0.8390625 0.4847775175644028 0.03125 0.0234192037470726
2 0.17265625 0.446135831381733 0.025 0.02576112412177986
2 0.27890625 0.36416861826697894 0.0171875 0.01873536299765808
2 0.0546875 0.45081967213114754 0.01875 0.01639344262295082
2 0.071875 0.45784543325526933 0.0234375 0.0234192037470726