2 0.18125 0.5866510538641686 0.20625 0.1053864168618267
2 0.85078125 0.6135831381733021 0.2234375 0.1405152224824356
1 0.51875 0.5480093676814989 0.3984375 0.4262295081967213
2 0.96484375 0.5960187353629977 0.0703125 0.053864168618266976
1 0.30859375 0.5362997658079626 0.0484375 0.1358313817330211
2 0.734375 0.6217798594847775 0.025 0.0702576112412178
2 0.93125 0.5796252927400468 0.0671875 0.03747072599531616
2 0.97734375 0.6358313817330211 0.0453125 0.06557377049180328
1 0.2796875 0.5409836065573771 0.0125 0.07494145199063232
5 0.18125 0.5796252927400468 0.2046875 0.11241217798594848
5 0.8515625 0.6147540983606558 0.2046875 0.12177985948477751