2 0.6109375 0.5518867924528302 0.4296875 0.4410377358490566
2 0.33671875 0.41627358490566035 0.1328125 0.14622641509433962
2 0.6671875 0.32547169811320753 0.0953125 0.0660377358490566
2 0.53359375 0.3231132075471698 0.0515625 0.02358490566037736
2 0.47890625 0.3266509433962264 0.046875 0.03773584905660377
2 0.45 0.32547169811320753 0.0328125 0.030660377358490566
2 0.38671875 0.32547169811320753 0.0234375 0.02358490566037736
2 0.3703125 0.3242924528301887 0.021875 0.02122641509433962
2 0.3015625 0.32547169811320753 0.021875 0.02358490566037736
2 0.425 0.32075471698113206 0.0453125 0.04245283018867924
2 0.2234375 0.3278301886792453 0.01875 0.018867924528301886
2 0.5890625 0.31721698113207547 0.0671875 0.04245283018867924