2 0.35208333333333336 0.3953125 0.21666666666666667 0.1
2 0.21145833333333333 0.3640625 0.12291666666666666 0.05625
2 0.8572916666666667 0.371875 0.275 0.0765625
2 0.09479166666666666 0.35234375 0.0625 0.0328125
2 0.05625 0.34765625 0.029166666666666667 0.025
4 0.521875 0.484375 0.18125 0.1640625
2 0.13854166666666667 0.34609375 0.04583333333333333 0.025
2 0.753125 0.365625 0.17083333333333334 0.05625
2 0.5020833333333333 0.77421875 0.9854166666666667 0.425
2 0.6729166666666667 0.3625 0.18333333333333332 0.0546875
5 0.578125 0.33125 0.20833333333333334 0.08125
5 0.025 0.3625 0.05 0.09375