2 0.217 0.9426666666666667 0.066 0.07733333333333334
2 0.265 0.924 0.044 0.05333333333333334
2 0.523 0.944 0.076 0.104
2 0.489 0.8706666666666667 0.028 0.032
2 0.169 0.9426666666666667 0.044 0.064
2 0.795 0.7653333333333333 0.41 0.4693333333333333
2 0.299 0.8786666666666667 0.03 0.034666666666666665
2 0.28 0.8906666666666667 0.046 0.034666666666666665
2 0.402 0.892 0.056 0.032
2 0.511 0.904 0.056 0.042666666666666665
5 0.39 0.8453333333333334 0.024 0.032
5 0.217 0.9426666666666667 0.066 0.07733333333333334
2 0.141 0.9213333333333333 0.03 0.021333333333333333
5 0.383 0.9493333333333334 0.098 0.09866666666666667