2 0.53671875 0.49603174603174605 0.028125 0.047619047619047616
2 0.59296875 0.5059523809523809 0.028125 0.05555555555555555
4 0.76171875 0.7202380952380952 0.1125 0.4365079365079365
4 0.640625 0.5555555555555556 0.0453125 0.11507936507936507
2 0.5609375 0.4107142857142857 0.009375 0.015873015873015872
2 0.58671875 0.4503968253968254 0.0265625 0.027777777777777776
2 0.53984375 0.44642857142857145 0.0140625 0.01984126984126984
2 0.559375 0.44047619047619047 0.025 0.03571428571428571
2 0.58125 0.42658730158730157 0.0125 0.023809523809523808
2 0.49921875 0.44841269841269843 0.01875 0.04365079365079365
2 0.5171875 0.44246031746031744 0.0140625 0.03968253968253968
2 0.5265625 0.4226190476190476 0.009375 0.031746031746031744
2 0.57734375 0.4007936507936508 0.009375 0.015873015873015872
2 0.74921875 0.5357142857142857 0.1234375 0.09126984126984126