0 0.71 0.47333333333333333 0.028 0.037333333333333336
0 0.782 0.48533333333333334 0.078 0.06933333333333333
0 0.83 0.49866666666666665 0.032 0.05333333333333334
0 0.287 0.452 0.032 0.048
0 0.932 0.4746666666666667 0.062 0.09066666666666667
0 0.967 0.48133333333333334 0.04 0.056
2 0.314 0.4093333333333333 0.074 0.04
1 0.13 0.44533333333333336 0.26 0.38133333333333336
0 0.889 0.48133333333333334 0.03 0.06666666666666667
0 0.868 0.49866666666666665 0.026 0.048
0 0.74 0.468 0.022 0.04
0 0.627 0.4693333333333333 0.046 0.058666666666666666
5 0.312 0.408 0.076 0.04
0 0.767 0.5533333333333333 0.132 0.10666666666666667
0 0.586 0.4613333333333333 0.02 0.048
0 0.984 0.516 0.03 0.06933333333333333