2 0.4026666666666667 0.724 0.17066666666666666 0.072
5 0.056 0.707 0.08533333333333333 0.022
2 0.184 0.83 0.2906666666666667 0.21
2 0.9266666666666666 0.789 0.144 0.106
2 0.13733333333333334 0.903 0.27466666666666667 0.194
2 0.8413333333333334 0.757 0.06933333333333333 0.016
2 0.8906666666666667 0.711 0.17866666666666667 0.04
2 0.52 0.727 0.12533333333333332 0.042
2 0.76 0.722 0.10666666666666667 0.04
2 0.348 0.813 0.09066666666666667 0.124
2 0.2733333333333333 0.724 0.208 0.062
2 0.6013333333333334 0.722 0.12 0.054
2 0.696 0.724 0.104 0.044
2 0.8786666666666667 0.77 0.24266666666666667 0.104