2 0.45703125 0.7166276346604216 0.1140625 0.1451990632318501
2 0.5515625 0.6733021077283372 0.0671875 0.08196721311475409
2 0.45625 0.6206088992974239 0.040625 0.04449648711943794
2 0.409375 0.8992974238875878 0.2390625 0.20140515222482436
2 0.675 0.8934426229508197 0.2828125 0.21311475409836064
2 0.5203125 0.8302107728337237 0.134375 0.1358313817330211
1 0.2875 0.6381733021077284 0.1546875 0.36533957845433257
2 0.5125 0.617096018735363 0.0171875 0.03747072599531616
1 0.646875 0.6112412177985949 0.2046875 0.16159250585480095
1 0.4359375 0.572599531615925 0.1 0.09133489461358314
2 0.4078125 0.639344262295082 0.021875 0.04449648711943794
2 0.79140625 0.6416861826697893 0.0421875 0.03278688524590164