2 0.13046875 0.4114583333333333 0.0875 0.06875
2 0.19765625 0.409375 0.0578125 0.04791666666666667
2 0.22890625 0.40625 0.034375 0.04583333333333333
2 0.3234375 0.3854166666666667 0.0234375 0.025
2 0.24453125 0.40625 0.0296875 0.03958333333333333
2 0.2609375 0.40520833333333334 0.021875 0.03125
2 0.28125 0.40208333333333335 0.0234375 0.025
2 0.290625 0.39791666666666664 0.0234375 0.027083333333333334
2 0.35078125 0.41041666666666665 0.0375 0.041666666666666664
2 0.37578125 0.3958333333333333 0.01875 0.022916666666666665
2 0.2765625 0.40625 0.0109375 0.027083333333333334