4 0.46015625 0.4666666666666667 0.6734375 0.5888888888888889
2 0.26015625 0.2708333333333333 0.5203125 0.49166666666666664
2 0.6890625 0.09444444444444444 0.1546875 0.1361111111111111
2 0.57734375 0.06666666666666667 0.0640625 0.05
2 0.3 0.04583333333333333 0.0515625 0.03333333333333333
2 0.02109375 0.041666666666666664 0.0390625 0.05277777777777778
2 0.9328125 0.11944444444444445 0.1328125 0.23055555555555557
2 0.465625 0.06666666666666667 0.0546875 0.04722222222222222
2 0.3890625 0.07083333333333333 0.10625 0.06111111111111111
2 0.328125 0.06666666666666667 0.0640625 0.044444444444444446
2 0.528125 0.06666666666666667 0.08125 0.044444444444444446
2 0.8125 0.075 0.1296875 0.10555555555555556
2 0.45 0.05138888888888889 0.071875 0.041666666666666664