2 0.85234375 0.32916666666666666 0.0484375 0.029166666666666667
2 0.83515625 0.33645833333333336 0.028125 0.022916666666666665
2 0.7796875 0.3104166666666667 0.0390625 0.025
2 0.8109375 0.30416666666666664 0.0359375 0.020833333333333332
2 0.81875 0.33958333333333335 0.0265625 0.020833333333333332
2 0.89296875 0.31354166666666666 0.0390625 0.03125
2 0.78984375 0.290625 0.0140625 0.008333333333333333
2 0.75546875 0.31979166666666664 0.0328125 0.01875
2 0.79609375 0.35 0.028125 0.022916666666666665
2 0.92578125 0.3385416666666667 0.0515625 0.03333333333333333
2 0.8609375 0.3229166666666667 0.04375 0.025
5 0.94453125 0.2989583333333333 0.0578125 0.0375
2 0.8078125 0.34270833333333334 0.021875 0.0125