2 0.05234375 0.5791666666666667 0.1046875 0.2125
1 0.5421875 0.5270833333333333 0.7 0.6854166666666667
2 0.96953125 0.5979166666666667 0.0609375 0.09375
2 0.1765625 0.49375 0.0328125 0.03333333333333333
2 0.14140625 0.48854166666666665 0.0265625 0.03125
2 0.11171875 0.48333333333333334 0.0203125 0.022916666666666665
2 0.06328125 0.4791666666666667 0.015625 0.01875
2 0.1453125 0.49166666666666664 0.0125 0.022916666666666665
2 0.190625 0.4979166666666667 0.01875 0.035416666666666666
2 0.90703125 0.578125 0.053125 0.09583333333333334
2 0.159375 0.49166666666666664 0.01875 0.03125
2 0.19609375 0.503125 0.00625 0.027083333333333334
2 0.125 0.4875 0.0171875 0.022916666666666665