4 0.2828125 0.5010416666666667 0.13125 0.05625
4 0.49140625 0.5177083333333333 0.125 0.09375
4 0.72109375 0.5197916666666667 0.1390625 0.09166666666666666
2 0.9046875 0.5364583333333334 0.0546875 0.025
5 0.0515625 0.5822916666666667 0.103125 0.1
2 0.05546875 0.5854166666666667 0.1109375 0.10416666666666667
2 0.02734375 0.7385416666666667 0.0546875 0.26666666666666666
5 0.28515625 0.6041666666666666 0.171875 0.2125
5 0.525 0.6041666666666666 0.18125 0.18541666666666667
5 0.75390625 0.596875 0.18125 0.16875
5 0.43203125 0.5614583333333333 0.1421875 0.175
5 0.6265625 0.5510416666666667 0.2 0.15416666666666667