2 0.555 0.2932330827067669 0.066 0.020050125313283207
2 0.502 0.3308270676691729 0.154 0.05513784461152882
2 0.882 0.3508771929824561 0.132 0.08270676691729323
2 0.954 0.3684210526315789 0.092 0.09273182957393483
2 0.634 0.3358395989974937 0.172 0.06015037593984962
2 0.56 0.3358395989974937 0.1 0.05263157894736842
2 0.864 0.2731829573934837 0.088 0.042606516290726815
2 0.753 0.3483709273182957 0.12 0.06015037593984962
2 0.443 0.3157894736842105 0.088 0.05764411027568922
2 0.505 0.3007518796992481 0.064 0.03258145363408521
2 0.606 0.29448621553884713 0.05 0.02756892230576441
2 0.933 0.31453634085213034 0.062 0.042606516290726815
2 0.683 0.29699248120300753 0.068 0.045112781954887216