2 0.601 0.9104234527687296 0.052 0.06840390879478828
2 0.48 0.9006514657980456 0.036 0.04560260586319218
2 0.653 0.8990228013029316 0.02 0.029315960912052116
2 0.692 0.8941368078175895 0.01 0.006514657980456026
2 0.754 0.9022801302931596 0.028 0.03257328990228013
2 0.843 0.9055374592833876 0.034 0.03257328990228013
5 0.369 0.8745928338762216 0.096 0.15309446254071662
5 0.548 0.8713355048859935 0.044 0.08143322475570032
5 0.679 0.8941368078175895 0.018 0.029315960912052116
5 0.887 0.9055374592833876 0.04 0.05537459283387622
5 0.754 0.9022801302931596 0.032 0.035830618892508145
5 0.81 0.9039087947882736 0.034 0.04234527687296417
5 0.6 0.8631921824104235 0.034 0.02280130293159609
5 0.649 0.8631921824104235 0.022 0.048859934853420196
2 0.728 0.8925081433224755 0.008 0.009771986970684038
2 0.776 0.8990228013029316 0.016 0.02280130293159609