0 0.38359375 0.6614583333333334 0.35 0.3416666666666667
4 0.70546875 0.5614583333333333 0.2578125 0.34375
4 0.82890625 0.684375 0.3421875 0.6104166666666667
4 0.5859375 0.4010416666666667 0.08125 0.2125
4 0.5734375 0.8145833333333333 0.3140625 0.37083333333333335
4 0.25703125 0.428125 0.1203125 0.17291666666666666
4 0.05859375 0.63125 0.1171875 0.34375
4 0.515625 0.37604166666666666 0.03125 0.11875
4 0.91328125 0.3541666666666667 0.08125 0.16875
4 0.17578125 0.4895833333333333 0.1171875 0.19583333333333333
4 0.465625 0.434375 0.06875 0.11666666666666667
4 0.959375 0.49895833333333334 0.08125 0.14791666666666667
4 0.16640625 0.7791666666666667 0.3328125 0.44166666666666665
4 0.1140625 0.421875 0.0921875 0.19166666666666668