2 0.1890625 0.2668213457076566 0.021875 0.016241299303944315
2 0.1953125 0.3074245939675174 0.0453125 0.027842227378190254
2 0.1796875 0.3190255220417633 0.0328125 0.01160092807424594
2 0.065625 0.29466357308584684 0.015625 0.03248259860788863
2 0.29453125 0.30162412993039445 0.028125 0.025522041763341066
5 0.3390625 0.654292343387471 0.5953125 0.39211136890951276
5 0.03125 0.27610208816705334 0.0390625 0.07888631090487239
2 0.178125 0.3109048723897912 0.0703125 0.02320185614849188
2 0.37890625 0.31322505800464034 0.03125 0.02320185614849188
2 0.14765625 0.302784222737819 0.021875 0.030162412993039442
5 0.228125 0.27958236658932717 0.0375 0.07424593967517401
5 0.09296875 0.23433874709976799 0.025 0.04408352668213457
5 0.33359375 0.2877030162412993 0.021875 0.027842227378190254
5 0.02734375 0.22389791183294663 0.0265625 0.025522041763341066
2 0.13203125 0.29582366589327147 0.01875 0.030162412993039442
5 0.05546875 0.23665893271461716 0.025 0.04176334106728538
5 0.12265625 0.2354988399071926 0.0265625 0.037122969837587005
5 0.44140625 0.31786542923433875 0.0546875 0.013921113689095127