2 0.0703125 0.32339955849889623 0.046875 0.04415011037527594
2 0.14921875 0.31015452538631344 0.0609375 0.039735099337748346
2 0.20859375 0.2924944812362031 0.065625 0.02869757174392936
2 0.3046875 0.2693156732891832 0.0796875 0.03532008830022075
2 0.3765625 0.24503311258278146 0.025 0.013245033112582781
2 0.02578125 0.3454746136865342 0.0515625 0.046357615894039736
2 0.9828125 0.13245033112582782 0.0125 0.02207505518763797
2 0.25703125 0.2682119205298013 0.0390625 0.03532008830022075
2 0.39609375 0.24392935982339956 0.0109375 0.01545253863134658
2 0.409375 0.23730684326710816 0.03125 0.019867549668874173
2 0.36171875 0.25386313465783666 0.05 0.02207505518763797