2 0.58203125 0.6235431235431236 0.2796875 0.17249417249417248
2 0.4875 0.5547785547785548 0.0984375 0.11888111888111888
2 0.7296875 0.5512820512820513 0.0578125 0.06993006993006994
2 0.68984375 0.5384615384615384 0.01875 0.053613053613053616
2 0.0921875 0.5396270396270396 0.134375 0.0979020979020979
2 0.4 0.5209790209790209 0.040625 0.03496503496503497
2 0.35390625 0.5186480186480187 0.0515625 0.039627039627039624
2 0.44375 0.5163170163170163 0.025 0.027972027972027972
5 0.23046875 0.4965034965034965 0.1046875 0.11888111888111888
2 0.6046875 0.527972027972028 0.0640625 0.037296037296037296
2 0.56171875 0.5209790209790209 0.04375 0.037296037296037296
2 0.6953125 0.5244755244755245 0.025 0.053613053613053616
1 0.6359375 0.4976689976689977 0.0984375 0.13286713286713286
5 0.63515625 0.493006993006993 0.103125 0.1282051282051282
2 0.1671875 0.5326340326340326 0.0515625 0.06293706293706294