2 0.38984375 0.6353919239904988 0.0390625 0.052256532066508314
2 0.2328125 0.6591448931116389 0.034375 0.047505938242280284
2 0.1796875 0.6508313539192399 0.021875 0.035629453681710214
2 0.8578125 0.671021377672209 0.0421875 0.057007125890736345
2 0.74453125 0.6520190023752969 0.0515625 0.052256532066508314
2 0.13359375 0.6508313539192399 0.034375 0.047505938242280284
2 0.29609375 0.6591448931116389 0.0234375 0.04513064133016627
2 0.34375 0.6567695961995249 0.040625 0.06413301662707839
5 0.56484375 0.6579572446555819 0.071875 0.07838479809976247
5 0.1796875 0.6187648456057007 0.0234375 0.047505938242280284
2 0.39453125 0.665083135391924 0.0359375 0.04275534441805225
2 0.45234375 0.665083135391924 0.040625 0.047505938242280284
2 0.340625 0.6247030878859857 0.0484375 0.03800475059382423
2 0.23515625 0.6270783847980997 0.0390625 0.04275534441805225
1 0.80546875 0.8598574821852731 0.3375 0.17339667458432304
1 0.2359375 0.8016627078384798 0.471875 0.17577197149643706
2 0.07265625 0.6448931116389549 0.009375 0.028503562945368172