2 0.08203125 0.31733021077283374 0.0578125 0.06323185011709602
2 0.16953125 0.3161592505854801 0.0625 0.0702576112412178
2 0.1265625 0.31733021077283374 0.0359375 0.053864168618266976
2 0.40390625 0.3758782201405152 0.1984375 0.17096018735362997
2 0.03828125 0.3149882903981265 0.0375 0.0351288056206089
2 0.01484375 0.30679156908665106 0.028125 0.0351288056206089
4 0.1578125 0.5573770491803278 0.1703125 0.34192037470725994
4 0.52421875 0.7353629976580797 0.34375 0.5292740046838408
4 0.71953125 0.6042154566744731 0.25 0.5269320843091335
4 0.89375 0.5573770491803278 0.2125 0.36065573770491804
4 0.24765625 0.45901639344262296 0.0921875 0.2646370023419204
4 0.8859375 0.3747072599531616 0.071875 0.117096018735363
4 0.78515625 0.3758782201405152 0.096875 0.08196721311475409
4 0.91796875 0.3747072599531616 0.140625 0.20843091334894615
4 0.8109375 0.33840749414519905 0.0703125 0.06791569086651054
4 0.98984375 0.3700234192037471 0.0203125 0.12646370023419204