2 0.4828125 0.9177083333333333 0.23125 0.16458333333333333
2 0.23671875 0.9270833333333334 0.35 0.14583333333333334
2 0.74765625 0.9229166666666667 0.2203125 0.12708333333333333
1 0.228125 0.8239583333333333 0.1703125 0.06875
5 0.5640625 0.8395833333333333 0.0796875 0.05625
2 0.87421875 0.9375 0.090625 0.125
2 0.60546875 0.9229166666666667 0.096875 0.13125
2 0.021875 0.8635416666666667 0.04375 0.09166666666666666
2 0.34375 0.8885416666666667 0.0953125 0.07708333333333334
2 0.9140625 0.9270833333333334 0.034375 0.06041666666666667
2 0.97421875 0.93125 0.0484375 0.075
2 0.11015625 0.8875 0.1078125 0.06041666666666667
2 0.05 0.9520833333333333 0.0984375 0.09583333333333334