0 0.8875 0.7406976744186047 0.01875 0.06046511627906977
0 0.8125 0.7441860465116279 0.0171875 0.06511627906976744
0 0.83125 0.7325581395348837 0.021875 0.08139534883720931
0 0.78125 0.7430232558139535 0.025 0.06511627906976744
0 0.878125 0.7325581395348837 0.0078125 0.03488372093023256
0 0.915625 0.7395348837209302 0.025 0.06279069767441861
0 0.76171875 0.7325581395348837 0.0328125 0.08139534883720931
0 0.9578125 0.7174418604651163 0.0203125 0.05813953488372093
0 0.7921875 0.6988372093023256 0.01875 0.03255813953488372
0 0.94140625 0.7197674418604652 0.0296875 0.05813953488372093
0 0.98125 0.7104651162790697 0.0140625 0.06744186046511629
0 0.8046875 0.7418604651162791 0.009375 0.04883720930232558
2 0.9765625 0.6767441860465117 0.0296875 0.023255813953488372
2 0.9640625 0.6744186046511628 0.040625 0.023255813953488372
0 0.85 0.7511627906976744 0.009375 0.044186046511627906
5 0.89765625 0.6755813953488372 0.0421875 0.023255813953488372