2 0.7703125 0.3494897959183674 0.4578125 0.6003401360544217
2 0.26328125 0.141156462585034 0.265625 0.11564625850340136
2 0.09375 0.14285714285714285 0.1375 0.07993197278911565
4 0.4890625 0.5246598639455783 0.8625 0.8928571428571429
4 0.06328125 0.810374149659864 0.1171875 0.3401360544217687
2 0.19609375 0.1054421768707483 0.071875 0.047619047619047616
2 0.01171875 0.13095238095238096 0.0234375 0.08333333333333333
2 0.03671875 0.141156462585034 0.0734375 0.06972789115646258
2 0.49765625 0.11564625850340136 0.290625 0.10034013605442177
2 0.75078125 0.09523809523809523 0.046875 0.023809523809523808
2 0.82578125 0.0935374149659864 0.05625 0.023809523809523808
2 0.68046875 0.09183673469387756 0.0578125 0.034013605442176874
2 0.06328125 0.10714285714285714 0.0921875 0.025510204081632654
2 0.625 0.09268707482993198 0.096875 0.04251700680272109