4 0.3015625 0.8177083333333334 0.296875 0.3645833333333333
4 0.13046875 0.8427083333333333 0.2515625 0.3104166666666667
4 0.64453125 0.5916666666666667 0.1234375 0.3145833333333333
4 0.71875 0.553125 0.1578125 0.2
4 0.775 0.5072916666666667 0.1140625 0.19375
4 0.45703125 0.7677083333333333 0.209375 0.34791666666666665
4 0.69765625 0.59375 0.1015625 0.18958333333333333
4 0.8171875 0.49583333333333335 0.075 0.1625
4 0.7546875 0.5083333333333333 0.1171875 0.14583333333333334
4 0.5609375 0.6854166666666667 0.1890625 0.28958333333333336
4 0.9328125 0.396875 0.04375 0.125
4 0.89296875 0.43645833333333334 0.0609375 0.12708333333333333
4 0.82421875 0.47604166666666664 0.1125 0.15416666666666667