2 0.375 0.24791666666666667 0.159375 0.1125
2 0.21875 0.20729166666666668 0.125 0.11875
2 0.03515625 0.4635416666666667 0.0703125 0.28125
2 0.10546875 0.18854166666666666 0.0765625 0.08125
4 0.5140625 0.6052083333333333 0.56875 0.44583333333333336
1 0.63984375 0.15416666666666667 0.36875 0.3
1 0.2984375 0.11875 0.2171875 0.2375
5 0.6390625 0.26875 0.2328125 0.3770833333333333
2 0.128125 0.17083333333333334 0.0390625 0.07708333333333334
1 0.14296875 0.09791666666666667 0.09375 0.09583333333333334
1 0.03828125 0.121875 0.0765625 0.1375