2 0.90390625 0.6708333333333333 0.059375 0.05625
2 0.78203125 0.6447916666666667 0.0625 0.041666666666666664
2 0.7203125 0.6385416666666667 0.0671875 0.04375
2 0.93125 0.6583333333333333 0.053125 0.04375
2 0.97421875 0.6635416666666667 0.0515625 0.058333333333333334
5 0.83359375 0.6541666666666667 0.0546875 0.0625
2 0.57109375 0.6291666666666667 0.040625 0.025
2 0.66796875 0.640625 0.0578125 0.06041666666666667
2 0.89375 0.65 0.0703125 0.035416666666666666
2 0.6203125 0.6302083333333334 0.0421875 0.0375
5 0.51640625 0.6239583333333333 0.06875 0.03333333333333333