4 0.30390625 0.7952941176470588 0.1265625 0.3811764705882353
4 0.19609375 0.78 0.1390625 0.44
4 0.48515625 0.8211764705882353 0.1171875 0.35764705882352943
4 0.40078125 0.8164705882352942 0.1171875 0.35764705882352943
4 0.659375 0.7894117647058824 0.125 0.3976470588235294
4 0.58203125 0.8247058823529412 0.096875 0.28
4 0.85625 0.8223529411764706 0.1375 0.3552941176470588
4 0.046875 0.7741176470588236 0.09375 0.3835294117647059
4 0.10390625 0.8105882352941176 0.08125 0.34823529411764703
4 0.76484375 0.8423529411764706 0.096875 0.2847058823529412
4 0.94296875 0.78 0.1140625 0.3811764705882353