2 0.41875 0.246875 0.053125 0.03958333333333333
2 0.46328125 0.24791666666666667 0.0359375 0.03125
2 0.10234375 0.25416666666666665 0.0375 0.035416666666666666
2 0.68984375 0.246875 0.0546875 0.025
2 0.17109375 0.2520833333333333 0.04375 0.041666666666666664
5 0.59765625 0.23125 0.16875 0.075
2 0.51328125 0.24583333333333332 0.0265625 0.020833333333333332
2 0.49140625 0.25104166666666666 0.0578125 0.03958333333333333
2 0.14375 0.2375 0.0421875 0.022916666666666665
2 0.35234375 0.24895833333333334 0.0484375 0.04375
2 0.14453125 0.24791666666666667 0.034375 0.029166666666666667