2 0.1421875 0.6375291375291375 0.05 0.15151515151515152
2 0.18203125 0.5885780885780886 0.1265625 0.13286713286713286
2 0.47890625 0.5827505827505828 0.0875 0.0979020979020979
2 0.4109375 0.5606060606060606 0.025 0.06293706293706294
5 0.178125 0.5874125874125874 0.1265625 0.1282051282051282
5 0.715625 0.5477855477855478 0.3671875 0.19347319347319347
5 0.9453125 0.5641025641025641 0.1078125 0.10722610722610723
2 0.5203125 0.5536130536130536 0.034375 0.037296037296037296
2 0.940625 0.5641025641025641 0.11875 0.10722610722610723
2 0.95703125 0.5174825174825175 0.0609375 0.02097902097902098
2 0.98984375 0.5244755244755245 0.0203125 0.03496503496503497
2 0.87265625 0.5629370629370629 0.0484375 0.13752913752913754
5 0.43359375 0.5675990675990676 0.04375 0.07925407925407925