4 0.8375 0.6577102803738317 0.103125 0.2757009345794392
4 0.62421875 0.7967289719626168 0.178125 0.352803738317757
4 0.08359375 0.6401869158878505 0.0375 0.1191588785046729
4 0.7578125 0.6063084112149533 0.071875 0.16121495327102803
4 0.56015625 0.5654205607476636 0.053125 0.10747663551401869
4 0.9703125 0.6016355140186916 0.059375 0.14719626168224298
4 0.30234375 0.8469626168224299 0.2546875 0.28738317757009346
4 0.91796875 0.6401869158878505 0.05625 0.1939252336448598
4 0.1421875 0.7336448598130841 0.1734375 0.3925233644859813
4 0.50546875 0.639018691588785 0.13125 0.25934579439252337
4 0.265625 0.616822429906542 0.084375 0.16822429906542055
4 0.0375 0.655373831775701 0.075 0.21495327102803738
4 0.66015625 0.5432242990654206 0.103125 0.12383177570093458