2 0.43125 0.6002673796791443 0.0609375 0.10427807486631016
2 0.2671875 0.6002673796791443 0.0828125 0.12032085561497326
2 0.38671875 0.5975935828877005 0.05 0.07754010695187166
2 0.5234375 0.6363636363636364 0.0984375 0.14171122994652408
2 0.303125 0.5802139037433155 0.034375 0.08288770053475936
2 0.4765625 0.589572192513369 0.0421875 0.0748663101604278
2 0.475 0.5467914438502673 0.025 0.013368983957219251
5 0.34296875 0.5614973262032086 0.065625 0.11229946524064172
5 0.43125 0.6002673796791443 0.0625 0.10962566844919786
5 0.11875 0.5681818181818182 0.2265625 0.39572192513368987
2 0.2046875 0.5681818181818182 0.0515625 0.07219251336898395