2 0.859375 0.4921875 0.209375 0.1328125
2 0.47734375 0.4501953125 0.06875 0.052734375
0 0.2953125 0.5244140625 0.15 0.08203125
0 0.48203125 0.5537109375 0.1046875 0.09375
2 0.43515625 0.44921875 0.0375 0.060546875
2 0.1859375 0.4560546875 0.0546875 0.06640625
2 0.40078125 0.4453125 0.0453125 0.05078125
2 0.01484375 0.4736328125 0.0296875 0.095703125
1 0.93125 0.3935546875 0.1375 0.111328125
5 0.3046875 0.400390625 0.1546875 0.193359375
2 0.9484375 0.4931640625 0.103125 0.099609375
5 0.59765625 0.4443359375 0.1375 0.123046875