5 0.2609375 0.518640350877193 0.0953125 0.10087719298245613
2 0.72109375 0.7083333333333334 0.18125 0.14035087719298245
2 0.871875 0.6853070175438597 0.203125 0.12719298245614036
2 0.8875 0.631578947368421 0.1921875 0.08991228070175439
2 0.55859375 0.5964912280701754 0.0875 0.07236842105263158
2 0.48984375 0.5866228070175439 0.0671875 0.06140350877192982
2 0.44765625 0.569078947368421 0.0609375 0.05043859649122807
2 0.66171875 0.6041666666666666 0.1140625 0.09649122807017543
2 0.240625 0.5756578947368421 0.059375 0.06798245614035088
2 0.13671875 0.48135964912280704 0.0328125 0.03508771929824561
2 0.41171875 0.6030701754385965 0.0734375 0.07675438596491228
2 0.0859375 0.6359649122807017 0.103125 0.09210526315789473
2 0.29296875 0.43201754385964913 0.0171875 0.02850877192982456
2 0.1046875 0.5592105263157895 0.05 0.05043859649122807