0 0.65 0.4032258064516129 0.174 0.12634408602150538
0 0.827 0.8360215053763441 0.194 0.32526881720430106
0 0.633 0.6814516129032258 0.596 0.6075268817204301
0 0.557 0.5456989247311828 0.228 0.1693548387096774
0 0.416 0.4583333333333333 0.196 0.23387096774193547
0 0.374 0.6102150537634409 0.112 0.22311827956989247
0 0.245 0.42876344086021506 0.098 0.06182795698924731
0 0.18 0.3803763440860215 0.07 0.08602150537634409
0 0.301 0.4529569892473118 0.074 0.13440860215053763
0 0.242 0.5201612903225806 0.384 0.47043010752688175
0 0.49 0.5618279569892473 0.248 0.28763440860215056
0 0.769 0.4771505376344086 0.068 0.20430107526881722
0 0.242 0.3696236559139785 0.126 0.07795698924731183