2 0.84140625 0.28541666666666665 0.146875 0.05416666666666667
2 0.97109375 0.290625 0.05625 0.0625
2 0.6609375 0.2791666666666667 0.103125 0.052083333333333336
2 0.44453125 0.2760416666666667 0.059375 0.0375
2 0.3640625 0.2708333333333333 0.0640625 0.03958333333333333
2 0.2140625 0.2708333333333333 0.0484375 0.025
2 0.296875 0.271875 0.05625 0.029166666666666667
2 0.12265625 0.271875 0.0328125 0.016666666666666666
2 0.009375 0.28229166666666666 0.01875 0.025
2 0.54140625 0.27291666666666664 0.0890625 0.05625
2 0.17734375 0.27291666666666664 0.028125 0.020833333333333332
2 0.09375 0.27395833333333336 0.0234375 0.0125