2 0.51953125 0.508235294117647 0.01875 0.021176470588235293
2 0.490625 0.5105882352941177 0.021875 0.023529411764705882
2 0.4671875 0.5105882352941177 0.0203125 0.02588235294117647
2 0.9890625 0.6423529411764706 0.021875 0.05176470588235294
2 0.434375 0.508235294117647 0.025 0.03294117647058824
5 0.559375 0.6305882352941177 0.0484375 0.08705882352941176
5 0.61640625 0.6270588235294118 0.04375 0.08470588235294117
5 0.078125 0.64 0.078125 0.09411764705882353
5 0.2140625 0.64 0.05 0.07529411764705882
5 0.5 0.6305882352941177 0.0546875 0.08
5 0.44296875 0.6341176470588236 0.0578125 0.08
5 0.37421875 0.6376470588235295 0.05625 0.07058823529411765
5 0.68671875 0.64 0.04375 0.06823529411764706
2 0.4078125 0.5105882352941177 0.0234375 0.02588235294117647
2 0.20234375 0.5035294117647059 0.0484375 0.03294117647058824
1 0.028125 0.5505882352941176 0.05625 0.07058823529411765
1 0.1328125 0.5529411764705883 0.046875 0.07294117647058823
1 0.1828125 0.5505882352941176 0.0515625 0.07764705882352942
1 0.23359375 0.5494117647058824 0.0453125 0.07058823529411765
1 0.2859375 0.5447058823529412 0.053125 0.07058823529411765
1 0.415625 0.5529411764705883 0.0421875 0.06588235294117648
1 0.5203125 0.54 0.040625 0.047058823529411764
1 0.6671875 0.5447058823529412 0.053125 0.08235294117647059
1 0.6140625 0.5435294117647059 0.046875 0.07764705882352942
5 0.0203125 0.6376470588235295 0.040625 0.08
2 0.15625 0.4964705882352941 0.028125 0.03058823529411765
1 0.08125 0.5494117647058824 0.0515625 0.07529411764705882
1 0.328125 0.5541176470588235 0.0515625 0.06823529411764706
1 0.56953125 0.5388235294117647 0.0375 0.042352941176470586
5 0.14609375 0.6341176470588236 0.06875 0.09647058823529411
1 0.475 0.5552941176470588 0.0375 0.07058823529411765
5 0.703125 0.6364705882352941 0.0046875 0.04
2 0.08125 0.5023529411764706 0.0234375 0.03529411764705882
2 0.10625 0.4929411764705882 0.0203125 0.021176470588235293
2 0.05390625 0.4964705882352941 0.0265625 0.018823529411764704
5 0.31328125 0.6376470588235295 0.0625 0.08
5 0.753125 0.6305882352941177 0.0390625 0.08235294117647059