2 0.105 0.17018072289156627 0.076 0.03313253012048193
2 0.523 0.17620481927710843 0.048 0.0391566265060241
2 0.144 0.14457831325301204 0.024 0.02108433734939759
2 0.229 0.16415662650602408 0.044 0.03313253012048193
2 0.286 0.1746987951807229 0.038 0.045180722891566265
2 0.053 0.16415662650602408 0.038 0.03614457831325301
5 0.18 0.13704819277108435 0.034 0.03614457831325301
2 0.392 0.15512048192771086 0.024 0.018072289156626505
2 0.676 0.17620481927710843 0.06 0.03313253012048193
2 0.603 0.17319277108433734 0.032 0.030120481927710843
2 0.198 0.16415662650602408 0.04 0.0391566265060241
2 0.017 0.16415662650602408 0.034 0.03614457831325301
2 0.249 0.1716867469879518 0.03 0.0391566265060241
2 0.337 0.15210843373493976 0.038 0.024096385542168676