2 0.6981981981981982 0.3046875 0.24144144144144145 0.153125
2 0.7234234234234235 0.13046875 0.07207207207207207 0.05
2 0.6108108108108108 0.13125 0.10810810810810811 0.05625
2 0.5072072072072072 0.15078125 0.08288288288288288 0.0625
2 0.44054054054054054 0.1671875 0.0972972972972973 0.0671875
2 0.3225225225225225 0.1703125 0.09549549549549549 0.065625
2 0.24414414414414415 0.18046875 0.11531531531531532 0.0703125
2 0.11531531531531532 0.18125 0.12792792792792793 0.0828125
2 0.20810810810810812 0.1609375 0.0990990990990991 0.084375
2 0.45225225225225224 0.096875 0.025225225225225224 0.0234375
2 0.9045045045045045 0.15390625 0.05225225225225225 0.0609375
2 0.7621621621621621 0.1296875 0.032432432432432434 0.0421875
2 0.02972972972972973 0.19453125 0.055855855855855854 0.08125