2 0.26015625 0.5553691275167785 0.0890625 0.06711409395973154
2 0.9390625 0.6023489932885906 0.1125 0.12416107382550336
5 0.28046875 0.5016778523489933 0.1140625 0.09395973154362416
1 0.05859375 0.5671140939597316 0.109375 0.6409395973154363
1 0.8640625 0.5436241610738255 0.2671875 0.2080536912751678
1 0.39921875 0.5268456375838926 0.05 0.0738255033557047
1 0.1453125 0.5184563758389261 0.08125 0.12080536912751678
1 0.23203125 0.5151006711409396 0.1015625 0.1040268456375839
1 0.4859375 0.5251677852348994 0.0515625 0.0738255033557047
1 0.5515625 0.5251677852348994 0.05 0.13087248322147652
1 0.6328125 0.5302013422818792 0.025 0.13087248322147652
1 0.61015625 0.5318791946308725 0.021875 0.13087248322147652
1 0.58515625 0.5251677852348994 0.0359375 0.12751677852348994
1 0.71328125 0.5302013422818792 0.0453125 0.16778523489932887
1 0.65859375 0.5285234899328859 0.03125 0.14429530201342283
5 0.9953125 0.587248322147651 0.009375 0.19463087248322147
1 0.78984375 0.4798657718120805 0.240625 0.2516778523489933