2 0.94453125 0.303125 0.1109375 0.11458333333333333
2 0.9 0.275 0.071875 0.08958333333333333
2 0.8609375 0.2625 0.0375 0.05625
2 0.8640625 0.24583333333333332 0.0515625 0.05
2 0.96953125 0.25 0.0609375 0.05
2 0.75703125 0.25104166666666666 0.0171875 0.01875
2 0.94609375 0.23020833333333332 0.0390625 0.025
2 0.86953125 0.26666666666666666 0.01875 0.058333333333333334
2 0.828125 0.24166666666666667 0.0328125 0.027083333333333334
2 0.76640625 0.240625 0.0265625 0.03125
2 0.90234375 0.228125 0.0234375 0.0125