4 0.371875 0.6943793911007026 0.5390625 0.5784543325526932
4 0.6875 0.3711943793911007 0.0203125 0.02810304449648712
5 0.33828125 0.2892271662763466 0.23125 0.2927400468384075
2 0.76484375 0.4262295081967213 0.2515625 0.30679156908665106
2 0.15546875 0.39227166276346603 0.2625 0.26229508196721313
2 0.64375 0.3583138173302108 0.065625 0.07728337236533958
2 0.5703125 0.3805620608899297 0.1109375 0.1756440281030445
2 0.6640625 0.3126463700234192 0.0515625 0.05152224824355972
2 0.91953125 0.3864168618266979 0.109375 0.1592505854800937
2 0.5 0.3875878220140515 1 0.1756440281030445
2 0.709375 0.29508196721311475 0.0578125 0.053864168618266976
2 0.959375 0.3161592505854801 0.0625 0.053864168618266976
2 0.96796875 0.2997658079625293 0.0625 0.04215456674473068
2 0.825 0.31030444964871196 0.0296875 0.03981264637002342
2 0.69921875 0.31733021077283374 0.071875 0.05152224824355972
1 0.52578125 0.2529274004683841 0.1515625 0.10304449648711944
2 0.81875 0.2822014051522248 0.0375 0.04215456674473068