4 0.60390625 0.7894736842105263 0.0171875 0.055401662049861494
2 0.2859375 0.8656509695290858 0.146875 0.15512465373961218
2 0.38515625 0.8157894736842105 0.0890625 0.10803324099722991
2 0.45390625 0.8185595567867036 0.0546875 0.08310249307479224
2 0.559375 0.7797783933518005 0.034375 0.07479224376731301
2 0.52578125 0.7936288088642659 0.0453125 0.07202216066481995
2 0.7453125 0.8254847645429363 0.0921875 0.13850415512465375
2 0.58359375 0.7659279778393352 0.0328125 0.060941828254847646
2 0.1125 0.8961218836565097 0.2234375 0.1745152354570637
2 0.48515625 0.7991689750692521 0.0578125 0.0886426592797784
2 0.7796875 0.7617728531855956 0.0390625 0.07202216066481995
2 0.678125 0.7132963988919667 0.0265625 0.0221606648199446
2 0.6859375 0.6994459833795014 0.0203125 0.027700831024930747
2 0.74921875 0.7229916897506925 0.03125 0.04155124653739612