2 0.07421875 0.4635416666666667 0.1484375 0.1625
2 0.24921875 0.44375 0.034375 0.029166666666666667
2 0.19921875 0.440625 0.0203125 0.029166666666666667
2 0.4453125 0.446875 0.01875 0.022916666666666665
5 0.07421875 0.46041666666666664 0.1484375 0.1625
2 0.66484375 0.46145833333333336 0.078125 0.04583333333333333
5 0.31796875 0.4635416666666667 0.1109375 0.08125
2 0.4609375 0.446875 0.0203125 0.01875
2 0.421875 0.44479166666666664 0.0359375 0.029166666666666667
2 0.60546875 0.46145833333333336 0.0234375 0.03958333333333333
2 0.2734375 0.4395833333333333 0.01875 0.029166666666666667
2 0.36796875 0.45 0.025 0.041666666666666664
2 0.54609375 0.44895833333333335 0.0234375 0.016666666666666666
2 0.21875 0.4427083333333333 0.0359375 0.029166666666666667