2 0.541 0.6689008042895442 0.088 0.058981233243967826
4 0.388 0.9048257372654156 0.108 0.16890080428954424
4 0.949 0.7560321715817694 0.08 0.09651474530831099
0 0.508 0.8900804289544236 0.074 0.1903485254691689
0 0.636 0.7721179624664879 0.06 0.10455764075067024
0 0.719 0.868632707774799 0.104 0.1742627345844504
0 0.859 0.806970509383378 0.108 0.1447721179624665
2 0.924 0.6796246648793566 0.106 0.064343163538874
2 0.779 0.6809651474530831 0.088 0.064343163538874
2 0.063 0.6528150134048257 0.05 0.032171581769437
0 0.596 0.8847184986595175 0.11 0.16890080428954424
0 0.804 0.7761394101876675 0.058 0.07238605898123325
0 0.179 0.6916890080428955 0.02 0.05361930294906166
0 0.783 0.8297587131367292 0.018 0.045576407506702415
0 0.149 0.7131367292225201 0.02 0.03485254691689008