0 0.203125 0.6145833333333334 0.025 0.20625
0 0.4171875 0.6885416666666667 0.0890625 0.325
2 0.54609375 0.5875 0.115625 0.28125
2 0.15546875 0.6510416666666666 0.240625 0.15416666666666667
2 0.31015625 0.653125 0.109375 0.15208333333333332
2 0.059375 0.6333333333333333 0.1171875 0.09791666666666667
5 0.7828125 0.42083333333333334 0.434375 0.6
2 0.59296875 0.628125 0.0703125 0.19166666666666668
5 0.52890625 0.396875 0.15 0.34791666666666665
1 0.2453125 0.44583333333333336 0.1984375 0.425
5 0.54296875 0.5802083333333333 0.1375 0.2791666666666667