0 0.44921875 0.6666666666666666 0.2453125 0.3685446009389671
0 0.7875 0.5070422535211268 0.1125 0.13849765258215962
0 0.83046875 0.49765258215962443 0.0625 0.08685446009389672
0 0.30390625 0.6995305164319249 0.2265625 0.49295774647887325
0 0.59453125 0.5176056338028169 0.1328125 0.15023474178403756
0 0.1828125 0.7476525821596244 0.3328125 0.4507042253521127
0 0.70234375 0.5187793427230047 0.1265625 0.1619718309859155
2 0.509375 0.4084507042253521 0.05625 0.04460093896713615
0 0.41953125 0.5915492957746479 0.1 0.16901408450704225
0 0.596875 0.6431924882629108 0.296875 0.3755868544600939
0 0.66484375 0.5504694835680751 0.1328125 0.18309859154929578
0 0.23359375 0.6924882629107981 0.2390625 0.392018779342723
0 0.490625 0.539906103286385 0.1546875 0.15023474178403756
2 0.74453125 0.39906103286384975 0.0234375 0.018779342723004695
5 0.81640625 0.39906103286384975 0.0671875 0.11737089201877934