2 0.36640625 0.634375 0.1125 0.11041666666666666
2 0.43203125 0.6385416666666667 0.0453125 0.08958333333333333
2 0.44453125 0.63125 0.0703125 0.08958333333333333
2 0.48671875 0.63125 0.0421875 0.08333333333333333
2 0.5390625 0.625 0.0453125 0.06666666666666667
2 0.51171875 0.628125 0.0421875 0.06875
2 0.6125 0.6239583333333333 0.0203125 0.04375
2 0.66953125 0.6354166666666666 0.0984375 0.08333333333333333
2 0.5640625 0.6229166666666667 0.0265625 0.05416666666666667
2 0.5875 0.6197916666666666 0.0390625 0.05625
2 0.74921875 0.615625 0.015625 0.025
2 0.6796875 0.6072916666666667 0.071875 0.03958333333333333
2 0.7375 0.628125 0.021875 0.05416666666666667