2 0.8113207547169812 0.73671875 0.05660377358490566 0.0453125
2 0.33726415094339623 0.75078125 0.06132075471698113 0.028125
2 0.4481132075471698 0.73046875 0.03537735849056604 0.015625
5 0.8667452830188679 0.7328125 0.08490566037735849 0.0546875
5 0.36674528301886794 0.72734375 0.05660377358490566 0.01875
5 0.39858490566037735 0.721875 0.0330188679245283 0.0140625
5 0.29009433962264153 0.734375 0.03537735849056604 0.0265625
5 0.5931603773584906 0.78125 0.1509433962264151 0.1046875
5 0.5813679245283019 0.72421875 0.03773584905660377 0.0078125
2 0.42452830188679247 0.73203125 0.014150943396226415 0.015625
2 0.39740566037735847 0.73203125 0.04009433962264151 0.01875