0 0.7265625 0.35443037974683544 0.03125 0.0379746835443038
2 0.109375 0.3470464135021097 0.0640625 0.06329113924050633
0 0.90234375 0.35443037974683544 0.015625 0.0379746835443038
0 0.88515625 0.3575949367088608 0.0203125 0.03375527426160337
0 0.97734375 0.3459915611814346 0.0453125 0.05907172995780591
0 0.85703125 0.35864978902953587 0.0140625 0.027426160337552744
0 0.74921875 0.35548523206751054 0.009375 0.035864978902953586
0 0.74296875 0.35232067510548526 0.0109375 0.04430379746835443
0 0.78828125 0.3449367088607595 0.0078125 0.03164556962025317
1 0.5859375 0.3027426160337553 0.2046875 0.12869198312236288
1 0.50078125 0.2679324894514768 0.0953125 0.14767932489451477
0 0.84375 0.35337552742616035 0.0234375 0.04008438818565401