2 0.3421875 0.6423290203327172 0.0484375 0.038817005545286505
1 0.55859375 0.6155268022181146 0.175 0.17190388170055454
2 0.36015625 0.6164510166358595 0.0203125 0.018484288354898338
2 0.32265625 0.6256931608133087 0.0234375 0.031423290203327174
2 0.31953125 0.6016635859519408 0.021875 0.014787430683918669
2 0.3546875 0.609981515711645 0.0234375 0.02033271719038817
2 0.2640625 0.5979667282809612 0.0078125 0.012939001848428836
2 0.27578125 0.5988909426987061 0.028125 0.02033271719038817
2 0.30703125 0.6182994454713494 0.0171875 0.02033271719038817
2 0.34296875 0.6072088724584104 0.015625 0.02033271719038817
2 0.28203125 0.6072088724584104 0.0203125 0.0166358595194085