2 0.815 0.31466666666666665 0.204 0.10666666666666667
2 0.479 0.2733333333333333 0.062 0.05333333333333334
2 0.751 0.2906666666666667 0.062 0.032
4 0.544 0.468 0.442 0.3546666666666667
4 0.319 0.3893333333333333 0.148 0.112
4 0.69 0.3933333333333333 0.07 0.10133333333333333
2 0.899 0.3413333333333333 0.202 0.17066666666666666
2 0.244 0.324 0.048 0.034666666666666665
4 0.266 0.4093333333333333 0.088 0.09066666666666667
4 0.741 0.37466666666666665 0.1 0.128
4 0.405 0.364 0.058 0.06933333333333333
4 0.569 0.35333333333333333 0.162 0.10133333333333333