1 0.8765625 0.61875 0.246875 0.32708333333333334
1 0.56640625 0.41041666666666665 0.1609375 0.16875
1 0.328125 0.28541666666666665 0.06875 0.08125
1 0.43984375 0.2625 0.0734375 0.06875
2 0.69921875 0.40520833333333334 0.0765625 0.06041666666666667
2 0.48671875 0.31666666666666665 0.0453125 0.0375
2 0.53046875 0.3125 0.04375 0.0375
2 0.42578125 0.28854166666666664 0.0328125 0.04791666666666667
2 0.396875 0.28229166666666666 0.0296875 0.03333333333333333
1 0.33828125 0.225 0.040625 0.05416666666666667
1 0.375 0.23958333333333334 0.05 0.05416666666666667
2 0.2671875 0.22604166666666667 0.0203125 0.01875
2 0.725 0.3854166666666667 0.0640625 0.058333333333333334
2 0.209375 0.22604166666666667 0.0171875 0.020833333333333332
2 0.9640625 0.5041666666666667 0.071875 0.04583333333333333
2 0.23984375 0.2125 0.0109375 0.014583333333333334
2 0.38359375 0.2708333333333333 0.0328125 0.027083333333333334
2 0.153125 0.19895833333333332 0.015625 0.016666666666666666
2 0.33671875 0.24791666666666667 0.01875 0.014583333333333334