2 0.5312 0.9564705882352941 0.1568 0.06823529411764706
2 0.3224 0.3976470588235294 0.0368 0.05647058823529412
4 0.4824 0.6282352941176471 0.0272 0.06588235294117648
4 0.372 0.928235294117647 0.064 0.09411764705882353
1 0.1232 0.2823529411764706 0.1296 0.11058823529411765
2 0.284 0.3411764705882353 0.04 0.05176470588235294
2 0.3616 0.4435294117647059 0.0448 0.06823529411764706
2 0.2032 0.26823529411764707 0.0224 0.023529411764705882
5 0.68 0.6788235294117647 0.168 0.23294117647058823
2 0.6808 0.6752941176470588 0.1712 0.2211764705882353
0 0.4984 0.5376470588235294 0.0176 0.05176470588235294