2 0.202576112412178 0.6375 0.405152224824356 0.0921875
2 0.3477751756440281 0.57734375 0.12177985948477751 0.0234375
2 0.639344262295082 0.553125 0.02810304449648712 0.0203125
2 0.7213114754098361 0.55546875 0.0234192037470726 0.0140625
2 0.797423887587822 0.55546875 0.02810304449648712 0.015625
2 0.8770491803278688 0.56015625 0.11241217798594848 0.0296875
2 0.7576112412177985 0.55390625 0.03278688524590164 0.015625
2 0.9121779859484778 0.553125 0.03747072599531616 0.0109375
2 0.04918032786885246 0.58515625 0.09836065573770492 0.0296875
2 0.09016393442622951 0.584375 0.07962529274004684 0.0171875
2 0.6932084309133489 0.55234375 0.01405152224824356 0.0203125
2 0.3992974238875878 0.56484375 0.07962529274004684 0.0203125