2 0.63984375 0.6906474820143885 0.0671875 0.02158273381294964
2 0.34375 0.684652278177458 0.065625 0.019184652278177457
2 0.58203125 0.6870503597122302 0.0390625 0.023980815347721823
2 0.75703125 0.6930455635491607 0.084375 0.019184652278177457
2 0.5546875 0.6882494004796164 0.0234375 0.023980815347721823
2 0.58359375 0.6942446043165468 0.0328125 0.009592326139088728
2 0.6625 0.6870503597122302 0.0296875 0.026378896882494004
2 0.4515625 0.6834532374100719 0.053125 0.02877697841726619
5 0.30625 0.6762589928057554 0.08125 0.03117505995203837
2 0.3796875 0.6882494004796164 0.025 0.016786570743405275
2 0.6984375 0.6918465227817746 0.0484375 0.023980815347721823
5 0.81953125 0.6906474820143885 0.084375 0.023980815347721823
2 0.93984375 0.7002398081534772 0.0109375 0.016786570743405275