2 0.7734375 0.9198113207547169 0.1171875 0.07311320754716981
2 0.31875 0.7889150943396226 0.0203125 0.02358490566037736
2 0.30390625 0.8042452830188679 0.021875 0.025943396226415096
2 0.278125 0.7818396226415094 0.0125 0.018867924528301886
2 0.27109375 0.8136792452830188 0.028125 0.025943396226415096
2 0.32421875 0.7700471698113207 0.021875 0.014150943396226415
2 0.30078125 0.7712264150943396 0.0109375 0.018867924528301886
2 0.27578125 0.7948113207547169 0.015625 0.01650943396226415
2 0.26640625 0.7865566037735849 0.0125 0.018867924528301886
2 0.30078125 0.7936320754716981 0.01875 0.014150943396226415
2 0.29453125 0.7712264150943396 0.00625 0.01650943396226415
2 0.2734375 0.7700471698113207 0.0125 0.01650943396226415
5 0.32421875 0.7700471698113207 0.025 0.02122641509433962
2 0.990625 0.839622641509434 0.01875 0.04481132075471698