4 0.32708333333333334 0.51875 0.17708333333333334 0.0828125
4 0.23645833333333333 0.52109375 0.05 0.0578125
4 0.653125 0.52109375 0.07708333333333334 0.0515625
4 0.7072916666666667 0.525 0.04583333333333333 0.04375
4 0.7447916666666666 0.51875 0.035416666666666666 0.0484375
4 0.7916666666666666 0.5203125 0.022916666666666665 0.0234375
4 0.7239583333333334 0.5203125 0.020833333333333332 0.034375
4 0.7489583333333333 0.51328125 0.058333333333333334 0.053125
4 0.7791666666666667 0.521875 0.022916666666666665 0.0328125
4 0.121875 0.50703125 0.16458333333333333 0.084375
4 0.5989583333333334 0.496875 0.022916666666666665 0.053125
4 0.9666666666666667 0.5203125 0.025 0.021875