1 0.771875 0.721830985915493 0.1828125 0.14084507042253522
1 0.8515625 0.5845070422535211 0.05 0.06103286384976526
2 0.37578125 0.9272300469483568 0.165625 0.11971830985915492
2 0.28203125 0.8673708920187794 0.1734375 0.07981220657276995
2 0.1078125 0.9460093896713615 0.2140625 0.107981220657277
2 0.57265625 0.8990610328638498 0.190625 0.11032863849765258
2 0.1921875 0.9237089201877934 0.109375 0.09859154929577464
2 0.9296875 0.6291079812206573 0.0375 0.056338028169014086
2 0.88671875 0.7147887323943662 0.05 0.06103286384976526
2 0.96015625 0.6936619718309859 0.0546875 0.05868544600938967
2 0.88671875 0.7887323943661971 0.0890625 0.09389671361502347
2 0.76328125 0.8192488262910798 0.1375 0.11502347417840375
2 0.93359375 0.7347417840375586 0.075 0.07981220657276995
2 0.96484375 0.6584507042253521 0.046875 0.051643192488262914
1 0.5703125 0.6924882629107981 0.121875 0.1267605633802817
1 0.35234375 0.6725352112676056 0.1671875 0.12910798122065728
1 0.51484375 0.6772300469483568 0.14375 0.10328638497652583
1 0.76875 0.6068075117370892 0.0765625 0.07276995305164319
1 0.70625 0.607981220657277 0.06875 0.07981220657276995
1 0.57109375 0.6255868544600939 0.1375 0.046948356807511735
1 0.51640625 0.6161971830985915 0.09375 0.05868544600938967
5 0.97109375 0.4988262910798122 0.0375 0.056338028169014086
5 0.12265625 0.5692488262910798 0.0453125 0.03990610328638498
2 0.18046875 0.6291079812206573 0.028125 0.035211267605633804
1 0.5890625 0.5903755868544601 0.0734375 0.03755868544600939
1 0.7515625 0.5692488262910798 0.0375 0.025821596244131457
1 0.23828125 0.755868544600939 0.1203125 0.15492957746478872