2 0.67734375 0.6041666666666666 0.0609375 0.06041666666666667
2 0.73203125 0.5895833333333333 0.0453125 0.04583333333333333
2 0.45859375 0.6583333333333333 0.3078125 0.30625
2 0.81953125 0.5864583333333333 0.0484375 0.05416666666666667
2 0.70625 0.5354166666666667 0.0265625 0.025
2 0.8328125 0.5260416666666666 0.0171875 0.01875
2 0.81640625 0.534375 0.0265625 0.029166666666666667
2 0.78984375 0.5552083333333333 0.0296875 0.029166666666666667
2 0.8484375 0.5625 0.0421875 0.052083333333333336
2 0.66328125 0.5541666666666667 0.028125 0.029166666666666667
2 0.64609375 0.5385416666666667 0.025 0.025
2 0.86640625 0.5302083333333333 0.01875 0.022916666666666665
2 0.68046875 0.5260416666666666 0.0234375 0.027083333333333334