2 0.365625 0.4077102803738318 0.2 0.14719626168224298
2 0.91328125 0.4053738317757009 0.0671875 0.07009345794392523
2 0.815625 0.4007009345794392 0.05 0.14953271028037382
2 0.9921875 0.3469626168224299 0.0140625 0.018691588785046728
2 0.865625 0.4100467289719626 0.0203125 0.02102803738317757
2 0.95234375 0.3691588785046729 0.015625 0.016355140186915886
2 0.98125 0.4088785046728972 0.034375 0.0397196261682243
2 0.95078125 0.4088785046728972 0.015625 0.0397196261682243
2 0.99296875 0.36682242990654207 0.0140625 0.016355140186915886
2 0.96328125 0.3598130841121495 0.0125 0.016355140186915886
2 0.96171875 0.4135514018691589 0.00625 0.016355140186915886