2 0.4609375 0.5111524163568774 0.14375 0.17472118959107807
4 0.271875 0.8234200743494424 0.1140625 0.31970260223048325
4 0.34453125 0.5901486988847584 0.0875 0.13011152416356878
2 0.52890625 0.43215613382899626 0.0609375 0.06505576208178439
2 0.421875 0.4340148698884758 0.0796875 0.08364312267657993
5 0.809375 0.5176579925650557 0.2171875 0.2862453531598513
5 0.15390625 0.40055762081784385 0.15625 0.1970260223048327
5 0.4890625 0.40427509293680297 0.0640625 0.05947955390334572
2 0.66328125 0.47862453531598514 0.15 0.13011152416356878
2 0.59296875 0.4191449814126394 0.0515625 0.04460966542750929
2 0.3734375 0.4144981412639405 0.040625 0.04460966542750929
2 0.703125 0.41821561338289964 0.0734375 0.03903345724907063
2 0.625 0.43308550185873607 0.0796875 0.05947955390334572
1 0.371875 0.38661710037174724 0.0484375 0.06319702602230483
2 0.4296875 0.38940520446096655 0.021875 0.00929368029739777
4 0.2875 0.4804832713754647 0.046875 0.02973977695167286