5 0.74296875 0.3372365339578454 0.5140625 0.6697892271662763
4 0.65703125 0.7283372365339579 0.3921875 0.5035128805620609
4 0.49375 0.607728337236534 0.19375 0.3559718969555035
2 0.97109375 0.8946135831381733 0.0578125 0.17330210772833723
4 0.30859375 0.5550351288056206 0.1453125 0.18969555035128804
4 0.22734375 0.8208430913348946 0.4484375 0.33021077283372363
4 0.13515625 0.6662763466042154 0.265625 0.12177985948477751
4 0.1125 0.6252927400468384 0.225 0.14754098360655737
4 0.07265625 0.585480093676815 0.140625 0.08430913348946135
4 0.2015625 0.5386416861826698 0.1578125 0.1358313817330211
4 0.3875 0.5971896955503513 0.125 0.22950819672131148
4 0.13671875 0.48711943793911006 0.0671875 0.1522248243559719