0 0.14921875 0.6834239130434783 0.103125 0.1766304347826087
0 0.49921875 0.8641304347826086 0.153125 0.23097826086956522
0 0.95546875 0.8600543478260869 0.0890625 0.2391304347826087
0 0.89921875 0.7730978260869565 0.1515625 0.20652173913043478
0 0.77265625 0.6807065217391305 0.0703125 0.14130434782608695
0 0.46875 0.6847826086956522 0.128125 0.16847826086956522
0 0.81640625 0.7527173913043478 0.0453125 0.11141304347826086
0 0.2109375 0.7065217391304348 0.053125 0.09510869565217392
0 0.72578125 0.6684782608695652 0.040625 0.11413043478260869
0 0.2828125 0.8845108695652174 0.35 0.23097826086956522
0 0.2625 0.6494565217391305 0.059375 0.11956521739130435
4 0.3703125 0.8301630434782609 0.2359375 0.3179347826086957
0 0.30390625 0.6657608695652174 0.0390625 0.059782608695652176