2 0.09296875 0.565625 0.021875 0.022916666666666665
2 0.2484375 0.5604166666666667 0.0140625 0.020833333333333332
4 0.61328125 0.8489583333333334 0.253125 0.275
2 0.0296875 0.5791666666666667 0.0234375 0.0375
4 0.43828125 0.7489583333333333 0.1296875 0.2916666666666667
4 0.32421875 0.64375 0.0609375 0.14166666666666666
4 0.2828125 0.6333333333333333 0.0484375 0.0875
4 0.24296875 0.6177083333333333 0.0390625 0.07916666666666666
4 0.21640625 0.6145833333333334 0.0234375 0.04791666666666667
4 0.1953125 0.590625 0.009375 0.029166666666666667
4 0.36953125 0.6822916666666666 0.0625 0.19791666666666666
4 0.1875 0.5791666666666667 0.00625 0.016666666666666666
4 0.18203125 0.575 0.00625 0.020833333333333332
4 0.17734375 0.5697916666666667 0.00625 0.01875
2 0.10859375 0.5677083333333334 0.0125 0.016666666666666666
2 0.06953125 0.5739583333333333 0.015625 0.022916666666666665
2 0.06015625 0.5770833333333333 0.0140625 0.029166666666666667
2 0.03984375 0.575 0.0328125 0.0375
2 0.01171875 0.5822916666666667 0.0234375 0.05
5 0.96875 0.8489583333333334 0.0625 0.275