0 0.11640625 0.6197916666666666 0.19375 0.22291666666666668
2 0.50078125 0.5177083333333333 0.109375 0.08333333333333333
2 0.628125 0.5 0.059375 0.058333333333333334
2 0.20546875 0.4895833333333333 0.053125 0.058333333333333334
2 0.4125 0.4791666666666667 0.0390625 0.027083333333333334
4 0.3515625 0.5052083333333334 0.028125 0.05
4 0.38359375 0.5020833333333333 0.0375 0.041666666666666664
4 0.4109375 0.5072916666666667 0.0171875 0.03958333333333333
4 0.43515625 0.5104166666666666 0.040625 0.041666666666666664
4 0.240625 0.5114583333333333 0.0609375 0.04791666666666667
4 0.2890625 0.5104166666666666 0.04375 0.0375
4 0.04921875 0.51875 0.0296875 0.058333333333333334
4 0.71953125 0.5052083333333334 0.01875 0.0375
4 0.58046875 0.5416666666666666 0.0484375 0.125
4 0.9734375 0.7 0.053125 0.09583333333333334
4 0.54921875 0.4864583333333333 0.0078125 0.020833333333333332
2 0.59921875 0.465625 0.0203125 0.020833333333333332
4 0.96171875 0.5958333333333333 0.0765625 0.13333333333333333