5 0.29140625 0.2902097902097902 0.096875 0.13286713286713286
0 0.7859375 0.3741258741258741 0.05 0.08857808857808858
2 0.14296875 0.3356643356643357 0.08125 0.08624708624708624
2 0.1234375 0.29603729603729606 0.0671875 0.09090909090909091
2 0.146875 0.26107226107226106 0.059375 0.07226107226107226
2 0.103125 0.2365967365967366 0.0546875 0.10023310023310024
2 0.13203125 0.20046620046620048 0.05 0.053613053613053616
1 0.253125 0.2494172494172494 0.0953125 0.19347319347319347
2 0.1234375 0.05710955710955711 0.040625 0.05827505827505827
2 0.2890625 0.38461538461538464 0.1 0.1445221445221445
2 0.58125 0.10839160839160839 0.1078125 0.06993006993006994
2 0.1203125 0.12237762237762238 0.065625 0.06526806526806526
2 0.22734375 0.0641025641025641 0.0984375 0.06060606060606061
2 0.71953125 0.10372960372960373 0.0890625 0.055944055944055944
2 0.32265625 0.32634032634032634 0.0703125 0.06060606060606061