2 0.2078125 0.9237995824634656 0.20625 0.1524008350730689
2 0.6328125 0.9164926931106472 0.14375 0.1336116910229645
2 0.78359375 0.860125260960334 0.0515625 0.04801670146137787
2 0.43671875 0.9206680584551148 0.1796875 0.15657620041753653
2 0.05546875 0.9081419624217119 0.109375 0.13569937369519833
2 0.12578125 0.8977035490605428 0.1 0.11064718162839249
2 0.30546875 0.8997912317327766 0.10625 0.1440501043841336
2 0.1765625 0.837160751565762 0.0546875 0.031315240083507306
2 0.38203125 0.8413361169102297 0.0453125 0.05219206680584551
2 0.44453125 0.8361169102296451 0.0375 0.022964509394572025
4 0.31875 0.9394572025052192 0.096875 0.12108559498956159
2 0.26484375 0.8308977035490606 0.040625 0.025052192066805846
2 0.3546875 0.8329853862212944 0.025 0.025052192066805846