0 0.36328125 0.7489583333333333 0.23125 0.47708333333333336
0 0.25625 0.7302083333333333 0.084375 0.32916666666666666
0 0.1359375 0.65 0.2078125 0.4083333333333333
0 0.12421875 0.9197916666666667 0.240625 0.15416666666666667
0 0.2015625 0.7354166666666667 0.0921875 0.28541666666666665
0 0.878125 0.9072916666666667 0.24375 0.18541666666666667
0 0.37578125 0.5177083333333333 0.04375 0.10208333333333333
0 0.45546875 0.6729166666666667 0.109375 0.4375
0 0.0734375 0.79375 0.146875 0.2520833333333333
0 0.41015625 0.40625 0.06875 0.10416666666666667
0 0.853125 0.6083333333333333 0.284375 0.2