4 0.90703125 0.8326612903225806 0.1859375 0.2661290322580645
5 0.4765625 0.6542338709677419 0.2875 0.31451612903225806
5 0.190625 0.7600806451612904 0.178125 0.1592741935483871
2 0.07265625 0.7560483870967742 0.1453125 0.23790322580645162
2 0.8109375 0.71875 0.1203125 0.12096774193548387
2 0.6359375 0.5735887096774194 0.05625 0.08669354838709678
2 0.74296875 0.34475806451612906 0.065625 0.06653225806451613
2 0.78203125 0.28225806451612906 0.0390625 0.04838709677419355
2 0.83203125 0.18044354838709678 0.0265625 0.03225806451612903
2 0.84140625 0.17036290322580644 0.0234375 0.034274193548387094
2 0.67421875 0.7036290322580645 0.1171875 0.12096774193548387
2 0.94375 0.6300403225806451 0.1109375 0.07258064516129033
2 0.95078125 0.5836693548387096 0.0984375 0.056451612903225805
5 0.94453125 0.29939516129032256 0.0375 0.028225806451612902
2 0.94296875 0.5413306451612904 0.1140625 0.07056451612903226
4 0.91875 0.8356854838709677 0.1625 0.20362903225806453
2 0.2890625 0.7439516129032258 0.1171875 0.13306451612903225