0 0.05703125 0.31875 0.0921875 0.39791666666666664
0 0.0234375 0.271875 0.046875 0.36041666666666666
0 0.7109375 0.340625 0.125 0.4041666666666667
4 0.43359375 0.684375 0.1703125 0.5104166666666666
4 0.8765625 0.7458333333333333 0.146875 0.46041666666666664
0 0.9265625 0.42916666666666664 0.146875 0.26666666666666666
4 0.31328125 0.71875 0.1453125 0.46875
4 0.7609375 0.6604166666666667 0.1609375 0.45625
4 0.35234375 0.30520833333333336 0.125 0.4083333333333333
4 0.478125 0.28854166666666664 0.1328125 0.3958333333333333
4 0.5515625 0.321875 0.1046875 0.41041666666666665
4 0.20390625 0.675 0.128125 0.49583333333333335
4 0.5828125 0.7239583333333334 0.1328125 0.525
4 0.7140625 0.3125 0.1109375 0.33958333333333335
4 0.62265625 0.32395833333333335 0.071875 0.41458333333333336
4 0.18046875 0.30520833333333336 0.13125 0.4125
4 0.04453125 0.6927083333333334 0.0890625 0.5625