2 0.60078125 0.7270833333333333 0.0234375 0.03125
2 0.47734375 0.7208333333333333 0.0296875 0.035416666666666666
5 0.56484375 0.7197916666666667 0.0546875 0.06458333333333334
2 0.96015625 0.753125 0.075 0.03958333333333333
2 0.5578125 0.7333333333333333 0.0328125 0.0375
5 0.60078125 0.7260416666666667 0.0234375 0.035416666666666666
2 0.37890625 0.7052083333333333 0.015625 0.020833333333333332
2 0.32265625 0.7145833333333333 0.009375 0.025
1 0.51953125 0.7104166666666667 0.0421875 0.06875
2 0.4046875 0.703125 0.0109375 0.0125
2 0.534375 0.7364583333333333 0.0375 0.03333333333333333