2 0.521875 0.7260416666666667 0.0578125 0.06041666666666667
2 0.278125 0.7479166666666667 0.1015625 0.07083333333333333
2 0.3828125 0.7239583333333334 0.05 0.052083333333333336
2 0.55 0.7145833333333333 0.0203125 0.029166666666666667
2 0.44140625 0.7177083333333333 0.0296875 0.027083333333333334
2 0.4609375 0.7114583333333333 0.0234375 0.022916666666666665
2 0.51640625 0.6854166666666667 0.015625 0.014583333333333334
2 0.48203125 0.703125 0.0109375 0.020833333333333332
2 0.559375 0.6875 0.0125 0.0125
2 0.56953125 0.70625 0.01875 0.016666666666666666
2 0.46953125 0.7052083333333333 0.021875 0.029166666666666667
2 0.503125 0.6947916666666667 0.0125 0.016666666666666666