2 0.5011709601873536 0.80546875 0.9976580796252927 0.271875
2 0.25878220140515223 0.64296875 0.08196721311475409 0.05
2 0.9133489461358314 0.70546875 0.17330210772833723 0.115625
2 0.8395784543325527 0.6875 0.17330210772833723 0.1
2 0.7540983606557377 0.68671875 0.06557377049180328 0.06875
2 0.4262295081967213 0.63984375 0.15456674473067916 0.0421875
2 0.7365339578454333 0.6765625 0.06323185011709602 0.0640625
2 0.7306791569086651 0.66484375 0.117096018735363 0.0625
2 0.6206088992974239 0.65 0.11007025761124122 0.034375
2 0.6920374707259953 0.65625 0.05620608899297424 0.053125
2 0.5526932084309133 0.63203125 0.04918032786885246 0.028125
2 0.14285714285714285 0.63046875 0.03747072599531616 0.0234375
5 0.5023419203747073 0.81484375 0.9953161592505855 0.2515625