2 0.771 0.49333333333333335 0.252 0.22666666666666666
0 0.75 0.7453333333333333 0.384 0.336
0 0.451 0.684 0.29 0.31466666666666665
0 0.603 0.7 0.148 0.22133333333333333
0 0.412 0.5826666666666667 0.228 0.23466666666666666
0 0.323 0.5986666666666667 0.086 0.168
0 0.608 0.5586666666666666 0.156 0.176
0 0.305 0.572 0.144 0.16533333333333333
0 0.369 0.48933333333333334 0.074 0.056
0 0.32 0.47333333333333333 0.156 0.050666666666666665
0 0.349 0.5293333333333333 0.026 0.048
5 0.849 0.456 0.154 0.19466666666666665
0 0.521 0.5133333333333333 0.054 0.072