2 0.4078125 0.561787072243346 0.075 0.0741444866920152
2 0.35 0.5437262357414449 0.0453125 0.04752851711026616
2 0.74765625 0.6568441064638784 0.365625 0.25285171102661597
2 0.94609375 0.5598859315589354 0.0875 0.07604562737642585
2 0.740625 0.529467680608365 0.0515625 0.015209125475285171
5 0.6484375 0.5342205323193916 0.090625 0.07034220532319392
2 0.5609375 0.5408745247148289 0.0515625 0.03612167300380228
2 0.871875 0.5551330798479087 0.1265625 0.07034220532319392
2 0.59375 0.5427756653992395 0.0265625 0.03612167300380228
2 0.53203125 0.5408745247148289 0.021875 0.024714828897338403
2 0.32890625 0.5361216730038023 0.0125 0.017110266159695818
2 0.2296875 0.5532319391634981 0.034375 0.08555133079847908