0 0.4513888888888889 0.57109375 0.7805555555555556 0.384375
2 0.43194444444444446 0.346875 0.2833333333333333 0.09375
2 0.6041666666666666 0.31796875 0.15833333333333333 0.0515625
2 0.17083333333333334 0.4125 0.3416666666666667 0.2125
2 0.3902777777777778 0.29765625 0.06666666666666667 0.0109375
4 0.6541666666666667 0.48984375 0.5861111111111111 0.23125
4 0.6694444444444444 0.54921875 0.4027777777777778 0.1578125
4 0.6875 0.40390625 0.2972222222222222 0.0890625
4 0.6930555555555555 0.36953125 0.15 0.078125
2 0.6694444444444444 0.3140625 0.12777777777777777 0.0578125
4 0.7125 0.39453125 0.4388888888888889 0.0671875