4 0.04921875 0.5119331742243437 0.08125 0.12171837708830549
4 0.11875 0.7840095465393795 0.23125 0.33890214797136037
4 0.16328125 0.6813842482100239 0.21875 0.14081145584725538
4 0.4296875 0.869928400954654 0.2796875 0.24343675417661098
4 0.68125 0.6682577565632458 0.0828125 0.10023866348448687
4 0.75078125 0.6885441527446301 0.1984375 0.36992840095465396
4 0.92109375 0.6241050119331742 0.1578125 0.26014319809069214
4 0.0765625 0.5835322195704057 0.153125 0.15990453460620524
4 0.03203125 0.5668257756563246 0.0640625 0.1431980906921241
4 0.8390625 0.8126491646778043 0.321875 0.3747016706443914
4 0.2421875 0.8245823389021479 0.23125 0.2935560859188544