2 0.73671875 0.5166666666666667 0.1234375 0.19375
2 0.05390625 0.61875 0.10625 0.4895833333333333
2 0.05625 0.4510416666666667 0.0578125 0.06041666666666667
2 0.08671875 0.4197916666666667 0.01875 0.016666666666666666
5 0.43359375 0.4979166666666667 0.5015625 0.43125
2 0.13671875 0.5083333333333333 0.153125 0.16458333333333333
2 0.09765625 0.415625 0.021875 0.016666666666666666
2 0.14921875 0.41041666666666665 0.0078125 0.016666666666666666
2 0.12578125 0.415625 0.0109375 0.014583333333333334
2 0.0828125 0.42916666666666664 0.0234375 0.0125
5 0.17421875 0.39791666666666664 0.025 0.03125