2 0.5359375 0.5914351851851852 0.0578125 0.06712962962962964
2 0.5890625 0.5844907407407407 0.090625 0.06712962962962964
2 0.659375 0.5763888888888888 0.1 0.06712962962962964
2 0.93984375 0.5856481481481481 0.1203125 0.09259259259259259
2 0.78203125 0.5636574074074074 0.053125 0.05324074074074074
1 0.30234375 0.5775462962962963 0.4609375 0.3680555555555556
2 0.859375 0.5520833333333334 0.109375 0.05787037037037037
2 0.80390625 0.53125 0.078125 0.03935185185185185
2 0.72734375 0.5682870370370371 0.090625 0.06481481481481481
2 0.97734375 0.5266203703703703 0.0421875 0.04398148148148148
2 0.5640625 0.5590277777777778 0.0453125 0.03009259259259259