2 0.23125 0.9107981220657277 0.0375 0.07511737089201878
2 0.06328125 0.9342723004694836 0.1203125 0.11032863849765258
2 0.1515625 0.9166666666666666 0.071875 0.08685446009389672
2 0.18828125 0.9096244131455399 0.059375 0.09154929577464789
2 0.2703125 0.9119718309859155 0.0484375 0.04929577464788732
5 0.628125 0.8873239436619719 0.078125 0.09389671361502347
2 0.87109375 0.9413145539906104 0.134375 0.11267605633802817
2 0.3046875 0.9061032863849765 0.01875 0.04225352112676056
5 0.30390625 0.9025821596244131 0.021875 0.04225352112676056
2 0.3203125 0.9049295774647887 0.03125 0.03990610328638498
2 0.7921875 0.9190140845070423 0.103125 0.11502347417840375