0 0.296875 0.8479166666666667 0.0515625 0.1875
1 0.7984375 0.23125 0.1375 0.2708333333333333
1 0.6203125 0.1 0.0984375 0.175
1 0.9015625 0.2864583333333333 0.178125 0.28958333333333336
5 0.42734375 0.2708333333333333 0.1328125 0.275
2 0.5859375 0.7427083333333333 0.321875 0.3875
2 0.71796875 0.34791666666666665 0.1015625 0.13333333333333333
2 0.79140625 0.5135416666666667 0.103125 0.17083333333333334
2 0.9375 0.65 0.125 0.16666666666666666
2 0.8828125 0.565625 0.1265625 0.18333333333333332
2 0.53515625 0.3020833333333333 0.096875 0.12083333333333333
2 0.9421875 0.5510416666666667 0.115625 0.09375
2 0.49375 0.11875 0.04375 0.041666666666666664
2 0.528125 0.14895833333333333 0.0609375 0.07708333333333334
2 0.70546875 0.22395833333333334 0.0578125 0.09791666666666667
2 0.45390625 0.45416666666666666 0.0359375 0.15625
2 0.965625 0.7739583333333333 0.0578125 0.15625
1 0.39609375 0.19375 0.115625 0.2791666666666667
1 0.94296875 0.28125 0.1140625 0.22291666666666668
2 0.5234375 0.4875 0.1359375 0.23541666666666666