0 0.0515625 0.571875 0.0703125 0.07708333333333334
2 0.67890625 0.484375 0.14375 0.058333333333333334
2 0.41484375 0.5270833333333333 0.2265625 0.12291666666666666
4 0.96640625 0.6625 0.05 0.14583333333333334
4 0.8171875 0.6260416666666667 0.103125 0.18125
4 0.73046875 0.6260416666666667 0.0796875 0.13333333333333333
4 0.65546875 0.6197916666666666 0.0921875 0.12083333333333333
4 0.60078125 0.6145833333333334 0.08125 0.1125
4 0.484375 0.5895833333333333 0.0859375 0.13125
4 0.446875 0.5791666666666667 0.0609375 0.09791666666666667
4 0.11640625 0.5604166666666667 0.0921875 0.08333333333333333
4 0.9125 0.6541666666666667 0.059375 0.15208333333333332
2 0.0328125 0.45416666666666666 0.065625 0.052083333333333336
4 0.5546875 0.47291666666666665 0.028125 0.06666666666666667
4 0.8109375 0.4791666666666667 0.034375 0.035416666666666666
4 0.821875 0.503125 0.0203125 0.025
0 0.40078125 0.6145833333333334 0.0703125 0.09375