1 0.51640625 0.7916666666666666 0.3421875 0.15416666666666667
2 0.0765625 0.8666666666666667 0.1515625 0.1875
5 0.07890625 0.85625 0.1484375 0.18333333333333332
5 0.94375 0.8166666666666667 0.03125 0.04375
5 0.77734375 0.8083333333333333 0.05 0.04583333333333333
2 0.72890625 0.8125 0.05 0.041666666666666664
2 0.88203125 0.8104166666666667 0.096875 0.08541666666666667
2 0.8171875 0.8145833333333333 0.0359375 0.04375
2 0.1578125 0.8729166666666667 0.0328125 0.11666666666666667
2 0.99375 0.8427083333333333 0.0125 0.03958333333333333
2 0.99296875 0.81875 0.0140625 0.027083333333333334
2 0.98046875 0.809375 0.0390625 0.022916666666666665
2 0.7046875 0.80625 0.0359375 0.0375
2 0.79921875 0.8125 0.0203125 0.03125