2 0.21328125 0.2304147465437788 0.071875 0.07834101382488479
2 0.09765625 0.22926267281105991 0.0671875 0.08064516129032258
2 0.7015625 0.6082949308755761 0.596875 0.7580645161290323
2 0.1359375 0.2073732718894009 0.03125 0.041474654377880185
2 0.15859375 0.20046082949308755 0.0234375 0.03225806451612903
2 0.08203125 0.17972350230414746 0.0203125 0.02304147465437788
2 0.13046875 0.19009216589861752 0.0328125 0.02304147465437788
2 0.1015625 0.17050691244239632 0.025 0.018433179723502304
5 0.3203125 0.1889400921658986 0.1046875 0.10599078341013825
2 0.01328125 0.18778801843317972 0.0265625 0.04377880184331797
5 0.146875 0.17857142857142858 0.0265625 0.02304147465437788