2 0.9734375 0.4388235294117647 0.053125 0.07764705882352942
2 0.28828125 0.4329411764705882 0.028125 0.03058823529411765
2 0.24453125 0.42705882352941177 0.0625 0.03058823529411765
2 0.15625 0.42470588235294116 0.0421875 0.03294117647058824
2 0.0984375 0.4152941176470588 0.0484375 0.03764705882352941
2 0.06015625 0.4211764705882353 0.0296875 0.023529411764705882
2 0.58828125 0.43411764705882355 0.0953125 0.047058823529411764
2 0.01796875 0.4188235294117647 0.0359375 0.03294117647058824
2 0.03046875 0.4164705882352941 0.03125 0.02823529411764706
5 0.4171875 0.4188235294117647 0.08125 0.0611764705882353
5 0.32265625 0.4235294117647059 0.0484375 0.04941176470588235