0 0.38515625 0.7927083333333333 0.690625 0.39375
0 0.8296875 0.7166666666666667 0.340625 0.46041666666666664
0 0.2109375 0.7791666666666667 0.4203125 0.4270833333333333
0 0.86640625 0.5635416666666667 0.2671875 0.3416666666666667
0 0.975 0.259375 0.0375 0.05
0 0.7796875 0.7510416666666667 0.196875 0.36041666666666666
0 0.9078125 0.4708333333333333 0.184375 0.17916666666666667
0 0.45078125 0.378125 0.1015625 0.12708333333333333
0 0.98828125 0.26666666666666666 0.0234375 0.058333333333333334
0 0.74609375 0.328125 0.059375 0.08333333333333333
0 0.85390625 0.2625 0.0421875 0.035416666666666666
0 0.89375 0.42083333333333334 0.16875 0.08333333333333333
0 0.31015625 0.55 0.18125 0.16458333333333333