2 0.73671875 0.93125 0.1015625 0.12083333333333333
2 0.73984375 0.9541666666666667 0.0765625 0.09166666666666666
2 0.065625 0.95625 0.05 0.07916666666666666
2 0.3578125 0.76875 0.05625 0.05625
2 0.3859375 0.73125 0.0515625 0.0625
2 0.43125 0.621875 0.0421875 0.04791666666666667
2 0.446875 0.5708333333333333 0.0359375 0.041666666666666664
2 0.40625 0.66875 0.0515625 0.06458333333333334
2 0.453125 0.54375 0.0375 0.029166666666666667
2 0.47578125 0.4739583333333333 0.034375 0.035416666666666666
5 0.6 0.49583333333333335 0.05 0.10416666666666667
5 0.53046875 0.5739583333333333 0.0578125 0.125
5 0.478125 0.7208333333333333 0.0703125 0.10833333333333334
5 0.51875 0.5177083333333333 0.0453125 0.07083333333333333
5 0.41875 0.8270833333333333 0.1984375 0.11041666666666666
5 0.50703125 0.6291666666666667 0.0609375 0.13958333333333334
5 0.53828125 0.459375 0.0484375 0.11666666666666667
5 0.5203125 0.4822916666666667 0.0515625 0.06875
5 0.73984375 0.934375 0.0984375 0.12291666666666666
2 0.25 0.928125 0.078125 0.09583333333333334
2 0.70703125 0.665625 0.0390625 0.04791666666666667
5 0.47890625 0.675 0.071875 0.09375
5 0.17890625 0.940625 0.096875 0.08541666666666667
5 0.578125 0.8708333333333333 0.2078125 0.12708333333333333