0 0.07924836601307189 0.4673202614379085 0.07026143790849673 0.05555555555555555
2 0.25326797385620914 0.4395424836601307 0.09313725490196079 0.06045751633986928
2 0.5032679738562091 0.4297385620915033 0.05718954248366013 0.04411764705882353
1 0.4158496732026144 0.4019607843137255 0.08986928104575163 0.10784313725490197
0 0.15931372549019607 0.4395424836601307 0.04411764705882353 0.05555555555555555
2 0.3161764705882353 0.41421568627450983 0.10457516339869281 0.03594771241830065
0 0.12336601307189543 0.45098039215686275 0.026143790849673203 0.05555555555555555
2 0.4035947712418301 0.4411764705882353 0.0784313725490196 0.06862745098039216
2 0.3480392156862745 0.41094771241830064 0.04411764705882353 0.024509803921568627
0 0.15359477124183007 0.44362745098039214 0.03431372549019608 0.04738562091503268
0 0.14215686274509803 0.4583333333333333 0.008169934640522876 0.03594771241830065