2 0.20234375 0.6533957845433255 0.240625 0.1756440281030445
2 0.4640625 0.5878220140515222 0.08125 0.11241217798594848
2 0.52578125 0.5749414519906323 0.0828125 0.10070257611241218
2 0.88203125 0.5327868852459017 0.0484375 0.06323185011709602
2 0.3546875 0.594847775175644 0.1625 0.16393442622950818
2 0.8109375 0.5374707259953162 0.0203125 0.03981264637002342
2 0.82265625 0.5362997658079626 0.021875 0.04449648711943794
2 0.975 0.550351288056206 0.05 0.09133489461358314
2 0.75859375 0.5304449648711944 0.025 0.06088992974238876
2 0.55859375 0.563231850117096 0.0234375 0.08430913348946135
2 0.79375 0.5386416861826698 0.03125 0.04449648711943794
2 0.77734375 0.5374707259953162 0.01875 0.04918032786885246
2 0.9515625 0.5362997658079626 0.0140625 0.04918032786885246