2 0.0515625 0.7833333333333333 0.0546875 0.05
2 0.61875 0.7510416666666667 0.0625 0.035416666666666666
2 0.8265625 0.7458333333333333 0.05625 0.029166666666666667
2 0.1046875 0.7625 0.05 0.025
2 0.20625 0.7635416666666667 0.028125 0.01875
2 0.18671875 0.7635416666666667 0.0421875 0.016666666666666666
2 0.3375 0.75625 0.021875 0.016666666666666666
5 0.26171875 0.75625 0.0375 0.06875
5 0.61875 0.7520833333333333 0.0640625 0.03125
5 0.8265625 0.7458333333333333 0.0578125 0.029166666666666667
2 0.31015625 0.7666666666666667 0.0421875 0.041666666666666664
2 0.65546875 0.7552083333333334 0.0125 0.008333333333333333
2 0.33671875 0.76875 0.015625 0.027083333333333334
5 0.3125 0.765625 0.0390625 0.04375