2 0.71796875 0.4114583333333333 0.1578125 0.14166666666666666
2 0.5734375 0.359375 0.025 0.05416666666666667
2 0.10078125 0.5416666666666666 0.2015625 0.4041666666666667
2 0.24375 0.4114583333333333 0.18125 0.14791666666666667
2 0.32421875 0.3770833333333333 0.0828125 0.10833333333333334
2 0.45 0.35520833333333335 0.0515625 0.05416666666666667
2 0.4890625 0.3416666666666667 0.0234375 0.029166666666666667
2 0.86328125 0.49375 0.2484375 0.3020833333333333
2 0.63984375 0.3854166666666667 0.0828125 0.09791666666666667
2 0.6140625 0.36041666666666666 0.0828125 0.08541666666666667
2 0.56484375 0.35104166666666664 0.034375 0.052083333333333336
2 0.54609375 0.34791666666666665 0.028125 0.041666666666666664
2 0.42734375 0.3302083333333333 0.0265625 0.01875