2 0.314453125 0.921875 0.0703125 0.040625
2 0.634765625 0.94140625 0.1015625 0.0515625
2 0.322265625 0.88515625 0.05078125 0.0171875
2 0.388671875 0.87890625 0.0390625 0.028125
2 0.5185546875 0.88359375 0.037109375 0.025
2 0.6484375 0.9921875 0.0859375 0.0140625
2 0.509765625 0.86953125 0.044921875 0.0296875
2 0.5380859375 0.9015625 0.046875 0.0390625
2 0.3310546875 0.8609375 0.03125 0.0171875
2 0.392578125 0.859375 0.037109375 0.0265625
2 0.6416015625 0.9765625 0.119140625 0.046875
2 0.3330078125 0.90546875 0.080078125 0.0375
2 0.3369140625 0.8765625 0.03125 0.0171875