2 0.6416666666666667 0.74609375 0.21041666666666667 0.06875
2 0.05416666666666667 0.778125 0.10833333333333334 0.096875
2 0.3729166666666667 0.70703125 0.04583333333333333 0.0234375
2 0.34375 0.7015625 0.04375 0.025
2 0.32083333333333336 0.69921875 0.022916666666666665 0.01875
2 0.3958333333333333 0.70546875 0.008333333333333333 0.01875
2 0.5479166666666667 0.71328125 0.06458333333333334 0.025
2 0.3104166666666667 0.69765625 0.01875 0.01875
2 0.29791666666666666 0.6984375 0.014583333333333334 0.015625
2 0.24375 0.7015625 0.0375 0.0203125
2 0.41875 0.71484375 0.041666666666666664 0.028125