2 0.4484375 0.7042889390519187 0.028125 0.04740406320541761
2 0.409375 0.6918735891647856 0.0171875 0.029345372460496615
2 0.3984375 0.6896162528216704 0.0125 0.024830699774266364
4 0.51484375 0.7990970654627539 0.040625 0.11060948081264109
2 0.43359375 0.6997742663656885 0.01875 0.03611738148984198
2 0.38828125 0.6873589164785553 0.015625 0.024830699774266364
2 0.42109375 0.6975169300225733 0.0171875 0.033860045146726865
4 0.4890625 0.7291196388261851 0.040625 0.05191873589164785
4 0.55625 0.7652370203160271 0.028125 0.04966139954853273
4 0.64140625 0.7652370203160271 0.0828125 0.11963882618510158
4 0.6140625 0.755079006772009 0.08125 0.09255079006772009
4 0.58515625 0.755079006772009 0.059375 0.0835214446952596
2 0.3546875 0.6805869074492099 0.0171875 0.01805869074492099
2 0.36953125 0.6828442437923251 0.0109375 0.013544018058690745