2 0.907 0.6873111782477341 0.186 0.24471299093655588
2 0.852 0.527190332326284 0.096 0.09969788519637462
2 0.363 0.5574018126888217 0.092 0.09969788519637462
2 0.648 0.48489425981873113 0.056 0.05740181268882175
4 0.128 0.7114803625377644 0.19 0.2054380664652568
0 0.916 0.48338368580060426 0.076 0.1661631419939577
0 0.972 0.48338368580060426 0.04 0.13293051359516617
0 0.364 0.6042296072507553 0.066 0.08459214501510574
0 0.474 0.6117824773413897 0.088 0.06042296072507553
0 0.683 0.5558912386706949 0.018 0.08761329305135952
0 0.616 0.5377643504531722 0.036 0.07854984894259819
0 0.396 0.48338368580060426 0.012 0.03323262839879154
0 0.88 0.4380664652567976 0.038 0.0634441087613293
0 0.779 0.5181268882175226 0.032 0.054380664652567974
0 0.731 0.5362537764350453 0.026 0.05740181268882175
2 0.887 0.5845921450151057 0.052 0.0634441087613293
0 0.539 0.5845921450151057 0.054 0.08459214501510574
0 0.664 0.5332326283987915 0.012 0.04229607250755287
0 0.577 0.5770392749244713 0.038 0.054380664652567974