2 0.11171875 0.36416861826697894 0.221875 0.297423887587822
2 0.95859375 0.234192037470726 0.0828125 0.13348946135831383
2 0.14375 0.2423887587822014 0.1671875 0.11475409836065574
2 0.14921875 0.17096018735362997 0.175 0.0702576112412178
2 0.92578125 0.22131147540983606 0.1484375 0.13817330210772832
2 0.76953125 0.21779859484777517 0.0765625 0.11475409836065574
2 0.8359375 0.2154566744730679 0.084375 0.11007025761124122
2 0.85703125 0.24707259953161592 0.0625 0.07728337236533958
2 0.73984375 0.20374707259953162 0.0609375 0.07494145199063232
2 0.73984375 0.19320843091334894 0.090625 0.07259953161592506
2 0.42109375 0.25878220140515223 0.06875 0.11241217798594848