2 0.075 0.7740213523131673 0.12 0.4092526690391459
2 0.953 0.7562277580071174 0.06 0.4199288256227758
2 0.844 0.6779359430604982 0.05 0.1423487544483986
1 0.731 0.6334519572953736 0.076 0.12099644128113879
1 0.14 0.6370106761565836 0.242 0.4483985765124555
1 0.56 0.6156583629893239 0.124 0.2313167259786477
2 0.761 0.6814946619217082 0.038 0.08185053380782918
1 0.494 0.6370106761565836 0.124 0.21708185053380782
5 0.854 0.5765124555160143 0.074 0.08540925266903915
2 0.317 0.7153024911032029 0.118 0.14590747330960854
5 0.938 0.5676156583629893 0.088 0.1387900355871886