2 0.84296875 0.8793911007025761 0.096875 0.0936768149882904
2 0.084375 0.9098360655737705 0.1359375 0.1522248243559719
2 0.7390625 0.8817330210772834 0.046875 0.06557377049180328
2 0.171875 0.9028103044496487 0.05 0.08899297423887588
2 0.340625 0.8711943793911007 0.0375 0.053864168618266976
2 0.37734375 0.8711943793911007 0.05625 0.0585480093676815
2 0.2640625 0.8653395784543325 0.034375 0.04449648711943794
2 0.19609375 0.8770491803278688 0.034375 0.06557377049180328
2 0.48671875 0.8571428571428571 0.0375 0.03981264637002342
2 0.61171875 0.8641686182669789 0.0390625 0.0585480093676815
2 0.29765625 0.8501170960187353 0.025 0.02810304449648712
2 0.684375 0.8735362997658079 0.0296875 0.07494145199063232
2 0.640625 0.8747072599531616 0.0265625 0.04215456674473068
1 0.39921875 0.8313817330210773 0.1125 0.02576112412177986