2 0.840625 0.58125 0.10625 0.06041666666666667
2 0.05546875 0.41770833333333335 0.1078125 0.22083333333333333
2 0.8015625 0.5375 0.0984375 0.052083333333333336
5 0.5234375 0.18541666666666667 0.5 0.28541666666666665
5 0.1703125 0.2125 0.2859375 0.16041666666666668
2 0.85390625 0.2 0.071875 0.0625
5 0.9203125 0.165625 0.06875 0.06458333333333334
5 0.83359375 0.15833333333333333 0.11875 0.06875
5 0.83515625 0.85 0.1640625 0.13541666666666666
5 0.64609375 0.8520833333333333 0.421875 0.29583333333333334
5 0.11015625 0.1 0.2203125 0.2
2 0.6328125 0.7270833333333333 0.1265625 0.07708333333333334
2 0.9546875 0.621875 0.090625 0.07916666666666666
2 0.9359375 0.5770833333333333 0.021875 0.025
2 0.990625 0.5520833333333334 0.01875 0.020833333333333332