0 0.6885416666666667 0.803125 0.10416666666666667 0.1296875
0 0.9583333333333334 0.78671875 0.06666666666666667 0.11875
0 0.8114583333333333 0.79375 0.06458333333333334 0.1109375
5 0.815625 0.6890625 0.15 0.115625
5 0.8833333333333333 0.665625 0.1125 0.075
0 0.6072916666666667 0.82890625 0.04583333333333333 0.0703125
0 0.4864583333333333 0.68671875 0.03958333333333333 0.046875
0 0.5635416666666667 0.70703125 0.08541666666666667 0.0265625
0 0.509375 0.69140625 0.022916666666666665 0.0296875
0 0.3802083333333333 0.82890625 0.1875 0.0953125
1 0.8791666666666667 0.6640625 0.1125 0.0703125
2 0.7302083333333333 0.67578125 0.03125 0.0328125
2 0.6479166666666667 0.67890625 0.025 0.021875