4 0.30703125 0.8477751756440282 0.04375 0.08665105386416862
5 0.8359375 0.5081967213114754 0.175 0.2997658079625293
5 0.33203125 0.5562060889929742 0.0953125 0.15456674473067916
5 0.025 0.544496487119438 0.05 0.17330210772833723
2 0.546875 0.8501170960187353 0.1390625 0.18266978922716628
2 0.32890625 0.6978922716627635 0.1125 0.1451990632318501
2 0.4265625 0.6112412177985949 0.10625 0.15456674473067916
2 0.62265625 0.5831381733021077 0.03125 0.09133489461358314
2 0.7 0.5772833723653396 0.0765625 0.11007025761124122
2 0.728125 0.594847775175644 0.0390625 0.09133489461358314
2 0.915625 0.6651053864168618 0.1109375 0.1873536299765808
2 0.5890625 0.5210772833723654 0.0484375 0.07494145199063232
2 0.98828125 0.7763466042154566 0.0234375 0.2107728337236534
2 0.0375 0.9110070257611241 0.075 0.14754098360655737
2 0.63359375 0.21779859484777517 0.040625 0.03278688524590164
2 0.67578125 0.21662763466042154 0.046875 0.0351288056206089
2 0.571875 0.48711943793911006 0.0484375 0.05152224824355972