4 0.143 0.7731343283582089 0.268 0.4507462686567164
4 0.482 0.5835820895522388 0.106 0.22686567164179106
4 0.396 0.8925373134328358 0.074 0.18507462686567164
4 0.925 0.8388059701492537 0.146 0.32238805970149254
4 0.72 0.7029850746268657 0.208 0.11044776119402985
4 0.901 0.6268656716417911 0.11 0.16119402985074627
4 0.821 0.6328358208955224 0.14 0.11641791044776119
4 0.268 0.4835820895522388 0.064 0.17313432835820897
2 0.06 0.3283582089552239 0.034 0.050746268656716415
2 0.085 0.3283582089552239 0.032 0.041791044776119404
2 0.095 0.3208955223880597 0.03 0.04477611940298507
2 0.171 0.3074626865671642 0.04 0.03880597014925373
2 0.164 0.25970149253731345 0.012 0.011940298507462687
2 0.181 0.24328358208955222 0.014 0.014925373134328358
4 0.405 0.6970149253731344 0.154 0.25671641791044775
4 0.88 0.7880597014925373 0.056 0.08358208955223881
1 0.023 0.31492537313432833 0.046 0.15223880597014924
4 0.784 0.48059701492537316 0.034 0.03582089552238806
4 0.516 0.417910447761194 0.032 0.06865671641791045
4 0.349 0.5104477611940299 0.03 0.029850746268656716