2 0.218 0.8586666666666667 0.054 0.029333333333333333
2 0.546 0.844 0.056 0.02666666666666667
2 0.459 0.8666666666666667 0.116 0.056
2 0.425 0.844 0.036 0.018666666666666668
2 0.523 0.86 0.06 0.050666666666666665
2 0.132 0.8693333333333333 0.134 0.08
2 0.607 0.8453333333333334 0.038 0.032
2 0.543 0.8626666666666667 0.062 0.050666666666666665
2 0.515 0.936 0.252 0.112
2 0.852 0.8213333333333334 0.028 0.048
2 0.579 0.8493333333333334 0.052 0.04
1 0.977 0.804 0.046 0.128
2 0.477 0.8253333333333334 0.03 0.018666666666666668