5 0.31875 0.7131147540983607 0.1953125 0.22014051522248243
2 0.68125 0.9250585480093677 0.0890625 0.12177985948477751
2 0.71875 0.8056206088992974 0.0640625 0.08899297423887588
2 0.64140625 0.7271662763466042 0.0515625 0.06557377049180328
2 0.42265625 0.7622950819672131 0.0625 0.07494145199063232
2 0.1984375 0.8278688524590164 0.10625 0.10304449648711944
2 0.51640625 0.6850117096018735 0.0515625 0.06323185011709602
2 0.76328125 0.6334894613583139 0.0296875 0.04215456674473068
2 0.81171875 0.7377049180327869 0.0453125 0.07259953161592506
2 0.7328125 0.6557377049180327 0.028125 0.0468384074941452
2 0.6875 0.6358313817330211 0.028125 0.03044496487119438
2 0.69609375 0.6065573770491803 0.021875 0.03044496487119438
2 0.15859375 0.9590163934426229 0.14375 0.05620608899297424
2 0.46484375 0.724824355971897 0.05 0.06323185011709602