2 0.82109375 0.5620525059665871 0.0328125 0.028639618138424822
2 0.8671875 0.6288782816229117 0.075 0.11933174224343675
2 0.82578125 0.6145584725536993 0.0328125 0.06682577565632458
2 0.85234375 0.5608591885441527 0.021875 0.02386634844868735
5 0.8671875 0.6264916467780429 0.084375 0.10739856801909307
2 0.92109375 0.6575178997613366 0.1265625 0.1360381861575179
2 0.9765625 0.5859188544152745 0.040625 0.0405727923627685
2 0.80703125 0.5715990453460621 0.034375 0.02386634844868735
2 0.68671875 0.5799522673031027 0.0203125 0.03579952267303103
2 0.99140625 0.5894988066825776 0.0171875 0.045346062052505964
2 0.94921875 0.5763723150357996 0.034375 0.045346062052505964
2 0.8703125 0.5644391408114559 0.0125 0.014319809069212411
2 0.88671875 0.5596658711217184 0.0234375 0.01909307875894988
2 0.90703125 0.5739856801909308 0.0171875 0.02386634844868735