2 0.436 0.7251908396946565 0.092 0.10687022900763359
2 0.14 0.6564885496183206 0.112 0.10687022900763359
2 0.287 0.5661577608142494 0.082 0.08142493638676845
2 0.371 0.48982188295165396 0.056 0.07124681933842239
2 0.626 0.594147582697201 0.048 0.07633587786259542
2 0.649 0.5623409669211196 0.056 0.06361323155216285
2 0.601 0.5076335877862596 0.046 0.05597964376590331
2 0.511 0.7748091603053435 0.1 0.12468193384223919
2 0.443 0.4491094147582697 0.044 0.058524173027989825
2 0.481 0.42748091603053434 0.038 0.043256997455470736
2 0.511 0.44147582697201015 0.042 0.05089058524173028
2 0.635 0.4491094147582697 0.018 0.03816793893129771
1 0.571 0.45165394402035625 0.092 0.11959287531806616
2 0.658 0.5254452926208651 0.034 0.058524173027989825