0 0.5875 0.6635416666666667 0.1125 0.12291666666666666
2 0.58359375 0.6052083333333333 0.1859375 0.11041666666666666
2 0.31171875 0.5645833333333333 0.071875 0.052083333333333336
2 0.234375 0.5479166666666667 0.0671875 0.05416666666666667
2 0.17265625 0.54375 0.04375 0.03333333333333333
2 0.09765625 0.584375 0.1140625 0.09791666666666667
4 0.20390625 0.596875 0.0328125 0.08958333333333333
2 0.1109375 0.5322916666666667 0.034375 0.01875
5 0.89375 0.5729166666666666 0.2 0.18333333333333332
2 0.1484375 0.5385416666666667 0.0328125 0.03125
2 0.065625 0.5260416666666666 0.021875 0.014583333333333334