0 0.53515625 0.7697916666666667 0.3640625 0.46041666666666664
2 0.81015625 0.41458333333333336 0.3796875 0.63125
2 0.246875 0.23541666666666666 0.209375 0.19375
0 0.11171875 0.6510416666666666 0.2171875 0.26666666666666666
0 0.16640625 0.80625 0.3328125 0.36666666666666664
0 0.4484375 0.9552083333333333 0.315625 0.07083333333333333
2 0.69765625 0.04375 0.046875 0.03125
2 0.65859375 0.06354166666666666 0.0578125 0.035416666666666666
0 0.040625 0.5927083333333333 0.08125 0.3541666666666667
0 0.0328125 0.4083333333333333 0.0640625 0.12291666666666666
2 0.8828125 0.028125 0.0359375 0.027083333333333334
2 0.5421875 0.06875 0.03125 0.027083333333333334
2 0.1390625 0.08020833333333334 0.040625 0.03125
5 0.06484375 0.11979166666666667 0.1265625 0.22083333333333333
2 0.840625 0.021875 0.05 0.027083333333333334
2 0.1 0.08020833333333334 0.025 0.01875