2 0.161 0.58 0.066 0.06933333333333333
2 0.534 0.572 0.152 0.152
2 0.455 0.5693333333333334 0.042 0.06666666666666667
2 0.938 0.8826666666666667 0.116 0.22666666666666666
2 0.202 0.5706666666666667 0.056 0.058666666666666666
2 0.095 0.592 0.108 0.10133333333333333
2 0.229 0.5653333333333334 0.034 0.048
2 0.237 0.5573333333333333 0.048 0.050666666666666665
2 0.269 0.5546666666666666 0.026 0.034666666666666665
2 0.288 0.5493333333333333 0.022 0.02666666666666667
2 0.326 0.544 0.024 0.024
5 0.45 0.5533333333333333 0.058 0.072
2 0.304 0.5466666666666666 0.02 0.029333333333333333