2 0.46041666666666664 0.09375 0.041666666666666664 0.0265625
2 0.29791666666666666 0.14375 0.0625 0.0328125
2 0.14583333333333334 0.1125 0.01875 0.0046875
2 0.5354166666666667 0.078125 0.020833333333333332 0.0140625
2 0.16354166666666667 0.1015625 0.03333333333333333 0.015625
2 0.4 0.0765625 0.03333333333333333 0.01875
2 0.09583333333333334 0.1140625 0.03125 0.01875
2 0.4510416666666667 0.0875 0.03333333333333333 0.025
2 0.5697916666666667 0.078125 0.03958333333333333 0.021875
2 0.590625 0.0625 0.01875 0.00625
2 0.12083333333333333 0.1109375 0.0375 0.01875
2 0.33645833333333336 0.08359375 0.052083333333333336 0.021875