2 0.38828125 0.36770833333333336 0.0578125 0.04583333333333333
2 0.53203125 0.36666666666666664 0.159375 0.0625
2 0.515625 0.39479166666666665 0.140625 0.0875
2 0.59140625 0.40208333333333335 0.115625 0.10625
2 0.67578125 0.3927083333333333 0.153125 0.13541666666666666
2 0.7515625 0.4083333333333333 0.209375 0.13958333333333334
2 0.44609375 0.38958333333333334 0.0421875 0.0625
2 0.4375 0.37916666666666665 0.053125 0.04375
2 0.34453125 0.36041666666666666 0.05 0.0375
2 0.58671875 0.3729166666666667 0.084375 0.03958333333333333
5 0.53203125 0.36666666666666664 0.165625 0.07083333333333333
2 0.16171875 0.42291666666666666 0.034375 0.05625
5 0.11484375 0.528125 0.21875 0.45
5 0.8828125 0.38333333333333336 0.234375 0.2