2 0.0765625 0.6161971830985915 0.1515625 0.24178403755868544
2 0.1578125 0.5422535211267606 0.084375 0.07042253521126761
2 0.35078125 0.5223004694835681 0.040625 0.04929577464788732
2 0.3828125 0.5129107981220657 0.0234375 0.028169014084507043
2 0.29296875 0.5070422535211268 0.028125 0.011737089201877934
2 0.4234375 0.5023474178403756 0.015625 0.018779342723004695
2 0.2375 0.5293427230046949 0.046875 0.04460093896713615
2 0.28828125 0.5434272300469484 0.0703125 0.07042253521126761
2 0.64609375 0.5117370892018779 0.025 0.03286384976525822
2 0.25 0.5082159624413145 0.0265625 0.018779342723004695
2 0.3046875 0.5023474178403756 0.0171875 0.02112676056338028
2 0.334375 0.5117370892018779 0.0140625 0.03286384976525822
2 0.875 0.5246478873239436 0.0453125 0.06807511737089202