0 0.37890625 0.846875 0.2328125 0.3020833333333333
2 0.33828125 0.540625 0.3203125 0.14583333333333334
2 0.05625 0.5302083333333333 0.08125 0.09375
0 0.71328125 0.775 0.140625 0.3416666666666667
2 0.33515625 0.44895833333333335 0.0421875 0.022916666666666665
2 0.2890625 0.45625 0.0640625 0.03958333333333333
2 0.1765625 0.4583333333333333 0.05625 0.0125
2 0.51796875 0.44166666666666665 0.0296875 0.027083333333333334
2 0.4046875 0.4479166666666667 0.0234375 0.01875
2 0.371875 0.44583333333333336 0.0421875 0.025
2 0.8609375 0.396875 0.0328125 0.027083333333333334
2 0.7828125 0.42604166666666665 0.034375 0.010416666666666666
2 0.83671875 0.4 0.0203125 0.020833333333333332