2 0.38046875 0.3731155778894472 0.1953125 0.24120603015075376
5 0.3625 0.6620603015075377 0.525 0.37185929648241206
2 0.203125 0.3693467336683417 0.1765625 0.2537688442211055
2 0.47578125 0.3844221105527638 0.065625 0.21608040201005024
2 0.5109375 0.3907035175879397 0.071875 0.2135678391959799
2 0.54765625 0.39949748743718594 0.0609375 0.1984924623115578
2 0.575 0.40954773869346733 0.0609375 0.19597989949748743
2 0.6015625 0.42336683417085424 0.046875 0.18341708542713567
2 0.2921875 0.29396984924623115 0.0421875 0.06281407035175879
2 0.5984375 0.7349246231155779 0.0171875 0.0728643216080402
2 0.325 0.6545226130653267 0.1703125 0.2562814070351759