2 0.5625 0.7997658079625293 0.0671875 0.0585480093676815
2 0.40859375 0.7728337236533958 0.053125 0.053864168618266976
1 0.41640625 0.752927400468384 0.0921875 0.07259953161592506
0 0.6484375 0.797423887587822 0.021875 0.02810304449648712
0 0.1484375 0.7927400468384075 0.0078125 0.03278688524590164
2 0.3125 0.7517564402810304 0.0265625 0.03278688524590164
2 0.18203125 0.7435597189695551 0.015625 0.01873536299765808
2 0.18125 0.7704918032786885 0.025 0.02810304449648712
2 0.15234375 0.7400468384074942 0.0140625 0.01873536299765808
2 0.1203125 0.775175644028103 0.021875 0.03278688524590164
2 0.109375 0.7213114754098361 0.0109375 0.0117096018735363
1 0.2671875 0.7377049180327869 0.0453125 0.05620608899297424
2 0.12890625 0.7166276346604216 0.0078125 0.00702576112412178
1 0.346875 0.7435597189695551 0.04375 0.04449648711943794