2 0.7447916666666666 0.24296875 0.058333333333333334 0.0234375
2 0.8916666666666667 0.22734375 0.04375 0.01875
5 0.775 0.28828125 0.08958333333333333 0.0859375
5 0.8583333333333333 0.22109375 0.04375 0.0234375
2 0.9822916666666667 0.2359375 0.035416666666666666 0.021875
2 0.809375 0.21875 0.0375 0.0171875
2 0.76875 0.215625 0.029166666666666667 0.0171875
2 0.8270833333333333 0.22265625 0.027083333333333334 0.015625
2 0.9375 0.2296875 0.052083333333333336 0.021875
2 0.7489583333333333 0.21484375 0.022916666666666665 0.0140625
2 0.6916666666666667 0.2109375 0.03125 0.015625