2 0.24583333333333332 0.796875 0.49166666666666664 0.3515625
2 0.06666666666666667 0.62109375 0.10416666666666667 0.1375
2 0.026041666666666668 0.578125 0.052083333333333336 0.0890625
1 0.44166666666666665 0.6078125 0.6916666666666667 0.50625
2 0.08020833333333334 0.4859375 0.0875 0.0359375
2 0.725 0.3671875 0.08958333333333333 0.0578125
2 0.55625 0.3609375 0.0875 0.040625
2 0.596875 0.36015625 0.041666666666666664 0.0390625
2 0.871875 0.67265625 0.25625 0.4140625
2 0.9541666666666667 0.36796875 0.09166666666666666 0.0375
2 0.46458333333333335 0.36875 0.0875 0.0140625
2 0.8041666666666667 0.453125 0.1625 0.09375
5 0.8666666666666667 0.675 0.2625 0.421875
2 0.6447916666666667 0.36640625 0.04583333333333333 0.04375
2 0.19791666666666666 0.890625 0.3875 0.1875