4 0.575 0.7910798122065728 0.309375 0.3685446009389671
4 0.77109375 0.45305164319248825 0.0328125 0.09389671361502347
4 0.77890625 0.8345070422535211 0.2234375 0.3075117370892019
4 0.6109375 0.5140845070422535 0.140625 0.19953051643192488
4 0.50234375 0.6619718309859155 0.2609375 0.39436619718309857
4 0.45859375 0.6150234741784038 0.2359375 0.3474178403755869
4 0.790625 0.6748826291079812 0.24375 0.23943661971830985
4 0.68515625 0.5011737089201878 0.05625 0.15023474178403756
4 0.71953125 0.5269953051643192 0.0578125 0.09624413145539906
4 0.35859375 0.6443661971830986 0.075 0.12441314553990611
4 0.74765625 0.4859154929577465 0.0390625 0.07746478873239436
4 0.58125 0.5434272300469484 0.1515625 0.19483568075117372
4 0.340625 0.5786384976525821 0.1234375 0.14553990610328638