2 0.278125 0.9366197183098591 0.0078125 0.02112676056338028
2 0.28125 0.8990610328638498 0.0078125 0.014084507042253521
2 0.2640625 0.8591549295774648 0.009375 0.009389671361502348
2 0.3015625 0.926056338028169 0.0109375 0.025821596244131457
2 0.284375 0.846244131455399 0.0078125 0.014084507042253521
2 0.28984375 0.9835680751173709 0.0078125 0.018779342723004695
2 0.2671875 0.8380281690140845 0.0078125 0.01643192488262911
2 0.27109375 0.8884976525821596 0.009375 0.02112676056338028
2 0.284375 0.82981220657277 0.0078125 0.018779342723004695
2 0.26875 0.9272300469483568 0.0078125 0.018779342723004695
2 0.27734375 0.9706572769953051 0.009375 0.018779342723004695
2 0.26015625 0.892018779342723 0.0078125 0.01643192488262911
2 0.3046875 0.6525821596244131 0.0046875 0.009389671361502348