4 0.496875 0.5655737704918032 0.1421875 0.4238875878220141
4 0.4015625 0.4601873536299766 0.1296875 0.23653395784543327
0 0.27265625 0.3875878220140515 0.0234375 0.0585480093676815
2 0.6734375 0.4496487119437939 0.225 0.16159250585480095
2 0.96640625 0.48243559718969553 0.0671875 0.11943793911007025
2 0.09140625 0.35362997658079626 0.0875 0.07962529274004684
2 0.16796875 0.3594847775175644 0.075 0.11007025761124122
2 0.35625 0.38524590163934425 0.0703125 0.08430913348946135
2 0.3296875 0.3700234192037471 0.0296875 0.06557377049180328
5 0.04453125 0.3161592505854801 0.065625 0.08899297423887588
5 0.128125 0.31030444964871196 0.0890625 0.06557377049180328
5 0.0546875 0.32786885245901637 0.0546875 0.06323185011709602
5 0.375 0.32903981264637 0.0640625 0.03278688524590164
5 0.53828125 0.32786885245901637 0.0640625 0.03981264637002342
2 0.375 0.32786885245901637 0.06875 0.0351288056206089
2 0.42734375 0.38173302107728335 0.1140625 0.1053864168618267
2 0.053125 0.32669789227166274 0.05 0.06791569086651054
2 0.2328125 0.3629976580796253 0.015625 0.06323185011709602
2 0.4796875 0.3325526932084309 0.021875 0.0351288056206089
2 0.2921875 0.3840749414519906 0.01875 0.06088992974238876
1 0.0453125 0.31381733021077285 0.065625 0.08665105386416862