4 0.4297423887587822 0.59453125 0.8594847775175644 0.7703125
4 0.594847775175644 0.41015625 0.5152224824355972 0.1546875
4 0.5925058548009368 0.31796875 0.3231850117096019 0.090625
4 0.6908665105386417 0.36953125 0.4238875878220141 0.2015625
4 0.46252927400468385 0.2546875 0.10304449648711944 0.06875
4 0.9461358313817331 0.3171875 0.04449648711943794 0.0703125
4 0.351288056206089 0.56171875 0.2224824355971897 0.1859375
4 0.8817330210772834 0.3609375 0.13348946135831383 0.09375
4 0.905152224824356 0.31484375 0.0702576112412178 0.109375
4 0.4484777517564403 0.35625 0.33021077283372363 0.0859375
4 0.949648711943794 0.29453125 0.07494145199063232 0.084375
4 0.8887587822014051 0.3265625 0.117096018735363 0.1015625
4 0.9789227166276346 0.28203125 0.04215456674473068 0.05