0 0.03359375 0.49375 0.0203125 0.0375
2 0.23125 0.5677083333333334 0.2375 0.2708333333333333
2 0.36484375 0.4979166666666667 0.06875 0.09166666666666666
2 0.3828125 0.471875 0.0578125 0.058333333333333334
2 0.11796875 0.490625 0.034375 0.06458333333333334
5 0.396875 0.4197916666666667 0.0796875 0.09583333333333334
0 0.48359375 0.7916666666666666 0.0953125 0.28958333333333336
0 0.425 0.5833333333333334 0.021875 0.11041666666666666
2 0.01875 0.5104166666666666 0.0375 0.10416666666666667
2 0.35078125 0.4354166666666667 0.0171875 0.035416666666666666
2 0.3375 0.4354166666666667 0.0171875 0.022916666666666665
2 0.45703125 0.4270833333333333 0.0078125 0.016666666666666666
2 0.4609375 0.4197916666666667 0.009375 0.014583333333333334
5 0.22421875 0.5614583333333333 0.25 0.2708333333333333