2 0.28359375 0.4235294117647059 0.0859375 0.06588235294117648
2 0.3921875 0.42823529411764705 0.0671875 0.058823529411764705
2 0.92109375 0.4411764705882353 0.1109375 0.12705882352941175
2 0.96484375 0.41411764705882353 0.0484375 0.05411764705882353
2 0.584375 0.44588235294117645 0.0796875 0.08941176470588236
2 0.396875 0.39176470588235296 0.0390625 0.01647058823529412
2 0.0375 0.4176470588235294 0.0296875 0.05411764705882353
2 0.58125 0.3870588235294118 0.0828125 0.04
2 0.2390625 0.39294117647058824 0.0703125 0.02588235294117647
5 0.58046875 0.38823529411764707 0.078125 0.042352941176470586
2 0.15546875 0.41058823529411764 0.025 0.02588235294117647
5 0.33125 0.38941176470588235 0.10625 0.04470588235294118