2 0.6171875 0.24895833333333334 0.109375 0.04791666666666667
2 0.7078125 0.228125 0.0859375 0.06041666666666667
2 0.04140625 0.2375 0.04375 0.058333333333333334
2 0.12265625 0.275 0.0703125 0.03958333333333333
2 0.23046875 0.25416666666666665 0.1453125 0.04583333333333333
2 0.02109375 0.17604166666666668 0.0296875 0.027083333333333334
2 0.15078125 0.165625 0.046875 0.03125
5 0.57578125 0.45416666666666666 0.44375 0.3229166666666667
5 0.36953125 0.22604166666666667 0.2046875 0.11458333333333333
2 0.51875 0.13333333333333333 0.028125 0.022916666666666665
5 0.45859375 0.26666666666666666 0.2109375 0.11875
5 0.27734375 0.121875 0.06875 0.058333333333333334
5 0.12734375 0.13020833333333334 0.06875 0.05
5 0.465625 0.125 0.03125 0.04375
2 0.0234375 0.30104166666666665 0.046875 0.09375
2 0.453125 0.13541666666666666 0.025 0.022916666666666665
2 0.24375 0.20520833333333333 0.0671875 0.06041666666666667
5 0.11640625 0.23645833333333333 0.1203125 0.11458333333333333
5 0.58046875 0.12291666666666666 0.053125 0.04583333333333333
2 0.44609375 0.16770833333333332 0.08125 0.0375