0 0.4046875 0.5190217391304348 0.0578125 0.16032608695652173
0 0.371875 0.49320652173913043 0.078125 0.13858695652173914
0 0.24296875 0.47282608695652173 0.11875 0.13043478260869565
2 0.69921875 0.5027173913043478 0.1265625 0.23097826086956522
2 0.13671875 0.4076086956521739 0.115625 0.16032608695652173
2 0.1640625 0.4375 0.04375 0.11956521739130435
2 0.34921875 0.44429347826086957 0.125 0.12771739130434784
2 0.27109375 0.3858695652173913 0.225 0.18478260869565216
2 0.8765625 0.48777173913043476 0.246875 0.32065217391304346
5 0.26640625 0.3804347826086957 0.2328125 0.1983695652173913
5 0.88984375 0.49184782608695654 0.2203125 0.32065217391304346
0 0.08203125 0.41032608695652173 0.0234375 0.07608695652173914
0 0.50546875 0.5665760869565217 0.0390625 0.05434782608695652
0 0.12890625 0.40353260869565216 0.05625 0.12228260869565218
0 0.0734375 0.3845108695652174 0.05625 0.13043478260869565
2 0.06484375 0.38858695652173914 0.1296875 0.16304347826086957
0 0.09921875 0.41440217391304346 0.0171875 0.06521739130434782