2 0.6328125 0.19375 0.1875 0.08333333333333333
2 0.78125 0.20520833333333333 0.13125 0.05625
2 0.96171875 0.21354166666666666 0.0765625 0.0625
2 0.9234375 0.17708333333333334 0.078125 0.01875
2 0.28671875 0.17708333333333334 0.1109375 0.07083333333333333
2 0.21796875 0.15729166666666666 0.0875 0.06041666666666667
5 0.06171875 0.11979166666666667 0.121875 0.12291666666666666
5 0.921875 0.17708333333333334 0.0796875 0.01875
2 0.50625 0.175 0.084375 0.04791666666666667
2 0.39921875 0.16979166666666667 0.0546875 0.041666666666666664
2 0.73984375 0.178125 0.0875 0.029166666666666667