5 0.0890625 0.6224226804123711 0.01875 0.03865979381443299
2 0.30078125 0.720360824742268 0.01875 0.028350515463917526
2 0.30546875 0.6907216494845361 0.0171875 0.028350515463917526
2 0.3125 0.6172680412371134 0.015625 0.02577319587628866
2 0.49453125 0.6275773195876289 0.015625 0.01804123711340206
2 0.2671875 0.6585051546391752 0.015625 0.023195876288659795
2 0.4359375 0.6185567010309279 0.0171875 0.020618556701030927
2 0.45546875 0.6224226804123711 0.01875 0.030927835051546393
2 0.659375 0.9162371134020618 0.021875 0.02577319587628866
2 0.5828125 0.6817010309278351 0.015625 0.023195876288659795
5 0.27265625 0.6198453608247423 0.021875 0.03350515463917526
5 0.30078125 0.720360824742268 0.01875 0.03350515463917526
5 0.16015625 0.9201030927835051 0.025 0.061855670103092786
5 0.0609375 0.7255154639175257 0.01875 0.030927835051546393
5 0.50625 0.8376288659793815 0.01875 0.03350515463917526
2 0.51875 0.6494845360824743 0.015625 0.03865979381443299
2 0.3390625 0.7847938144329897 0.021875 0.028350515463917526
2 0.6203125 0.7873711340206185 0.0140625 0.01288659793814433
2 0.53984375 0.6494845360824743 0.01875 0.020618556701030927