2 0.40703125 0.6892523364485982 0.2296875 0.6004672897196262
2 0.153125 0.41238317757009346 0.0625 0.12383177570093458
2 0.40078125 0.3773364485981308 0.05625 0.0630841121495327
2 0.36015625 0.37149532710280375 0.0296875 0.037383177570093455
2 0.75078125 0.39602803738317754 0.16875 0.1378504672897196
2 0.7453125 0.463785046728972 0.153125 0.12149532710280374
2 0.528125 0.36098130841121495 0.0625 0.030373831775700934
2 0.48828125 0.3773364485981308 0.0265625 0.04439252336448598
5 0.70859375 0.5210280373831776 0.5828125 0.9579439252336449
5 0.26171875 0.4953271028037383 0.25625 0.31542056074766356
2 0.259375 0.4953271028037383 0.23125 0.31542056074766356