2 0.9 0.20023419203747073 0.0734375 0.08196721311475409
2 0.94140625 0.20960187353629978 0.0359375 0.04918032786885246
2 0.95390625 0.1885245901639344 0.0921875 0.06791569086651054
2 0.9875 0.16627634660421545 0.025 0.0351288056206089
2 0.834375 0.18266978922716628 0.121875 0.1288056206088993
5 0.6671875 0.17096018735362997 0.2125 0.18501170960187355
5 0.93125 0.15456674473067916 0.090625 0.04449648711943794
5 0.9875 0.1686182669789227 0.025 0.03981264637002342
5 0.1765625 0.18384074941451992 0.3328125 0.3231850117096019
5 0.01796875 0.19320843091334894 0.0359375 0.18501170960187355
5 0.83125 0.17798594847775176 0.121875 0.13817330210772832