0 0.753 0.41733333333333333 0.08 0.064
0 0.616 0.49066666666666664 0.078 0.06933333333333333
0 0.809 0.384 0.07 0.058666666666666666
2 0.077 0.4493333333333333 0.152 0.112
2 0.483 0.3373333333333333 0.126 0.08
2 0.752 0.256 0.044 0.06133333333333333
5 0.627 0.37066666666666664 0.198 0.208
5 0.924 0.2693333333333333 0.066 0.04533333333333334
5 0.783 0.328 0.044 0.050666666666666665
0 0.915 0.492 0.026 0.06933333333333333
0 0.835 0.38133333333333336 0.05 0.06133333333333333
2 0.909 0.28933333333333333 0.032 0.048
2 0.605 0.268 0.054 0.037333333333333336
5 0.289 0.3333333333333333 0.162 0.09866666666666667