4 0.2453125 0.5076726342710998 0.04375 0.1432225063938619
4 0.28984375 0.391304347826087 0.028125 0.12531969309462915
4 0.6078125 0.3887468030690537 0.0625 0.1636828644501279
4 0.43046875 0.19437340153452684 0.0265625 0.15089514066496162
4 0.48046875 0.20843989769820973 0.05 0.1585677749360614
4 0.5390625 0.2531969309462916 0.040625 0.17902813299232737
4 0.81171875 0.8017902813299232 0.0546875 0.14066496163682865
4 0.6828125 0.5933503836317136 0.0796875 0.1329923273657289
4 0.38046875 0.22762148337595908 0.028125 0.14066496163682865
4 0.32890625 0.29539641943734013 0.034375 0.13810741687979539
5 0.30546875 0.7468030690537084 0.146875 0.2506393861892583