2 0.94140625 0.19058823529411764 0.1078125 0.0988235294117647
2 0.890625 0.19058823529411764 0.1734375 0.08
2 0.80859375 0.17882352941176471 0.328125 0.1388235294117647
2 0.59609375 0.20705882352941177 0.240625 0.09647058823529411
2 0.4546875 0.2164705882352941 0.24375 0.09647058823529411
2 0.4015625 0.20588235294117646 0.2703125 0.11764705882352941
2 0.27421875 0.2188235294117647 0.1328125 0.06352941176470588
2 0.0453125 0.22470588235294117 0.084375 0.11764705882352941
4 0.47734375 0.5541176470588235 0.2125 0.5058823529411764
4 0.81171875 0.6658823529411765 0.3765625 0.668235294117647
4 0.6375 0.4376470588235294 0.1609375 0.37176470588235294
4 0.971875 0.5047058823529412 0.05625 0.30823529411764705
4 0.16171875 0.6847058823529412 0.3203125 0.6
4 0.25546875 0.42705882352941177 0.128125 0.35294117647058826
4 0.74765625 0.3 0.065625 0.07529411764705882
5 0.1546875 0.22 0.303125 0.14352941176470588