5 0.50078125 0.5020661157024794 0.996875 0.9586776859504132
2 0.090625 0.4731404958677686 0.18125 0.3305785123966942
2 0.96796875 0.5020661157024794 0.0640625 0.1859504132231405
2 0.1546875 0.28512396694214875 0.084375 0.09504132231404959
5 0.9015625 0.1797520661157025 0.046875 0.1322314049586777
5 0.86171875 0.3140495867768595 0.053125 0.17768595041322313
2 0.975 0.3305785123966942 0.05 0.15289256198347106
2 0.98125 0.2231404958677686 0.0375 0.07024793388429752
2 0.98203125 0.15289256198347106 0.0359375 0.07024793388429752
2 0.98671875 0.08884297520661157 0.0265625 0.06198347107438017
2 0.95546875 0.42355371900826444 0.078125 0.2024793388429752
2 0.89765625 0.022727272727272728 0.028125 0.0371900826446281
2 0.91328125 0.14049586776859505 0.04375 0.1115702479338843
2 0.915625 0.10743801652892562 0.0515625 0.12396694214876033
2 0.86484375 0.359504132231405 0.0359375 0.1652892561983471