0 0.1703125 0.853125 0.065625 0.21666666666666667
2 0.59921875 0.7229166666666667 0.1984375 0.22708333333333333
2 0.8296875 0.6479166666666667 0.046875 0.03958333333333333
2 0.7578125 0.678125 0.0765625 0.09375
2 0.64140625 0.665625 0.134375 0.1625
2 0.37578125 0.7104166666666667 0.2578125 0.31875
0 0.85859375 0.6458333333333334 0.009375 0.022916666666666665
2 0.9640625 0.6385416666666667 0.05 0.03958333333333333
4 0.09375 0.7364583333333333 0.078125 0.21458333333333332
2 0.87421875 0.58125 0.0234375 0.022916666666666665
2 0.84765625 0.5979166666666667 0.021875 0.03333333333333333
2 0.86171875 0.609375 0.01875 0.03125
5 0.3765625 0.7052083333333333 0.259375 0.3125
5 0.75859375 0.6770833333333334 0.0765625 0.09166666666666666