2 0.60234375 0.7271662763466042 0.4359375 0.3840749414519906
2 0.33671875 0.6651053864168618 0.190625 0.24355971896955503
2 0.08828125 0.6252927400468384 0.1109375 0.1405152224824356
2 0.0546875 0.8067915690866511 0.1046875 0.3864168618266979
2 0.52421875 0.5210772833723654 0.0984375 0.04449648711943794
2 0.40546875 0.531615925058548 0.10625 0.053864168618266976
2 0.2265625 0.5398126463700235 0.09375 0.0468384074941452
2 0.05390625 0.6920374707259953 0.1078125 0.234192037470726
2 0.1453125 0.6053864168618267 0.0515625 0.07962529274004684
2 0.65859375 0.509367681498829 0.115625 0.06791569086651054
2 0.24296875 0.6100702576112412 0.028125 0.11475409836065574
2 0.15078125 0.5749414519906323 0.078125 0.09601873536299765
2 0.54296875 0.48711943793911006 0.0625 0.0351288056206089