2 0.628125 0.625 0.05 0.025
5 0.54609375 0.8583333333333333 0.128125 0.21458333333333332
5 0.6734375 0.6822916666666666 0.1203125 0.05625
5 0.6921875 0.65625 0.0875 0.03333333333333333
5 0.69296875 0.634375 0.0796875 0.03333333333333333
2 0.72109375 0.5572916666666666 0.0359375 0.020833333333333332
5 0.69765625 0.5875 0.0953125 0.04583333333333333
5 0.96953125 0.7229166666666667 0.0609375 0.05625
5 0.975 0.7479166666666667 0.05 0.06666666666666667
5 0.4734375 0.5489583333333333 0.0421875 0.0375
2 0.47421875 0.5489583333333333 0.040625 0.03958333333333333
2 0.9328125 0.690625 0.0421875 0.041666666666666664
2 0.253125 0.6239583333333333 0.0546875 0.04583333333333333
5 0.96640625 0.6927083333333334 0.0671875 0.04583333333333333