2 0.9765625 0.693446088794926 0.046875 0.18181818181818182
4 0.25234375 0.7008456659619451 0.31875 0.4080338266384778
4 0.8484375 0.5750528541226215 0.225 0.321353065539112
5 0.4453125 0.19767441860465115 0.096875 0.05919661733615222
2 0.73359375 0.2864693446088795 0.1 0.06765327695560254
2 0.46484375 0.25052854122621565 0.0578125 0.035940803382663845
2 0.515625 0.2653276955602537 0.05625 0.052854122621564484
1 0.4515625 0.2029598308668076 0.071875 0.06765327695560254
5 0.1203125 0.26109936575052856 0.1640625 0.11839323467230443
5 0.96015625 0.27167019027484146 0.0796875 0.1331923890063425
5 0.503125 0.23150105708245244 0.1328125 0.0613107822410148
5 0.8734375 0.2642706131078224 0.1328125 0.0824524312896406
5 0.24609375 0.2526427061310782 0.0828125 0.06342494714587738
2 0.95859375 0.2748414376321353 0.0796875 0.13742071881606766
2 0.87578125 0.2642706131078224 0.1375 0.07188160676532769
2 0.84296875 0.27167019027484146 0.0140625 0.016913319238900635
5 0.759375 0.26849894291754756 0.103125 0.06553911205073996