2 0.8453125 0.5510416666666667 0.1625 0.1125
5 0.684375 0.5114583333333333 0.1453125 0.11458333333333333
5 0.6046875 0.48541666666666666 0.1546875 0.08958333333333333
5 0.50078125 0.440625 0.125 0.08125
2 0.60546875 0.48541666666666666 0.1609375 0.09166666666666666
5 0.8296875 0.46041666666666664 0.0984375 0.06875
5 0.8453125 0.5520833333333334 0.1640625 0.10625
2 0.70859375 0.4041666666666667 0.065625 0.03958333333333333
2 0.7265625 0.4322916666666667 0.0859375 0.041666666666666664
2 0.7234375 0.39375 0.09375 0.025
2 0.6125 0.353125 0.021875 0.022916666666666665
2 0.0296875 0.3572916666666667 0.059375 0.05
2 0.090625 0.34791666666666665 0.0484375 0.0375
2 0.56171875 0.3958333333333333 0.0328125 0.020833333333333332
2 0.69921875 0.509375 0.18125 0.1125
5 0.2921875 0.6114583333333333 0.584375 0.48125
5 0.5703125 0.46041666666666664 0.1515625 0.08333333333333333