2 0.63125 0.4718969555035129 0.046875 0.05152224824355972
1 0.51484375 0.7845433255269321 0.2734375 0.4309133489461358
1 0.10625 0.702576112412178 0.1734375 0.26229508196721313
1 0.34296875 0.5889929742388759 0.11875 0.20843091334894615
1 0.6328125 0.4063231850117096 0.0984375 0.07962529274004684
0 0.71953125 0.550351288056206 0.034375 0.05152224824355972
1 0.23359375 0.6721311475409836 0.08125 0.234192037470726
1 0.28671875 0.6217798594847775 0.0859375 0.22716627634660422
1 0.425 0.5292740046838408 0.08125 0.1358313817330211
1 0.4328125 0.49063231850117095 0.078125 0.13114754098360656
1 0.4609375 0.48243559718969553 0.0734375 0.13114754098360656
1 0.57578125 0.4098360655737705 0.0484375 0.07494145199063232
1 0.54765625 0.44379391100702575 0.0546875 0.09836065573770492
2 0.60625 0.5163934426229508 0.0625 0.07728337236533958
2 0.66328125 0.477751756440281 0.0296875 0.06088992974238876
2 0.65390625 0.4297423887587822 0.0390625 0.0351288056206089
2 0.64609375 0.3395784543325527 0.0171875 0.00702576112412178
2 0.47890625 0.4847775175644028 0.053125 0.12412177985948478
2 0.6328125 0.49063231850117095 0.0484375 0.04449648711943794
5 0.63203125 0.48009367681498827 0.0453125 0.06557377049180328
5 0.7171875 0.5105386416861827 0.0765625 0.117096018735363
5 0.65234375 0.4344262295081967 0.034375 0.03278688524590164
5 0.69296875 0.38875878220140514 0.03125 0.0468384074941452
1 0.38515625 0.5421545667447307 0.096875 0.1358313817330211