0 0.6296875 0.7523148148148148 0.028125 0.09259259259259259
0 0.16875 0.7777777777777778 0.028125 0.13425925925925927
2 0.8890625 0.7870370370370371 0.1265625 0.2222222222222222
2 0.771875 0.5717592592592593 0.053125 0.0787037037037037
2 0.925 0.5740740740740741 0.0484375 0.06944444444444445
2 0.9 0.5601851851851852 0.028125 0.05555555555555555
0 0.54375 0.8310185185185185 0.034375 0.21296296296296297
5 0.746875 0.5138888888888888 0.0546875 0.06944444444444445
0 0.51171875 0.8055555555555556 0.0328125 0.18518518518518517
0 0.21328125 0.7893518518518519 0.0375 0.11574074074074074
0 0.51953125 0.8587962962962963 0.015625 0.12962962962962962
0 0.34921875 0.7268518518518519 0.053125 0.125
0 0.1890625 0.7893518518518519 0.021875 0.09259259259259259
0 0.14765625 0.7662037037037037 0.021875 0.09722222222222222
0 0.4859375 0.8287037037037037 0.0171875 0.10185185185185185
0 0.46171875 0.7847222222222222 0.0328125 0.10185185185185185
0 0.56796875 0.8101851851851852 0.021875 0.16203703703703703
2 0.9453125 0.8634259259259259 0.109375 0.27314814814814814
2 0.78359375 0.6064814814814815 0.065625 0.0787037037037037
2 0.81953125 0.5162037037037037 0.0328125 0.032407407407407406
2 0.7578125 0.5555555555555556 0.03125 0.05092592592592592
2 0.94453125 0.5902777777777778 0.03125 0.06018518518518518
5 0.97421875 0.5949074074074074 0.0515625 0.07407407407407407
5 0.7984375 0.5 0.0328125 0.037037037037037035
0 0.49140625 0.7361111111111112 0.0328125 0.1111111111111111
2 0.72578125 0.5115740740740741 0.0296875 0.041666666666666664
5 0.7703125 0.5694444444444444 0.053125 0.07407407407407407
5 0.88046875 0.5509259259259259 0.040625 0.06018518518518518