2 0.20234375 0.7482435597189696 0.046875 0.05152224824355972
2 0.14375 0.752927400468384 0.0453125 0.04449648711943794
2 0.04765625 0.7693208430913349 0.059375 0.0468384074941452
2 0.28046875 0.7306791569086651 0.028125 0.03278688524590164
2 0.48984375 0.6978922716627635 0.015625 0.02107728337236534
2 0.471875 0.6861826697892272 0.0140625 0.01405152224824356
2 0.48671875 0.6768149882903981 0.009375 0.00936768149882904
2 0.22265625 0.7306791569086651 0.025 0.03044496487119438
2 0.2796875 0.7107728337236534 0.0171875 0.01873536299765808
2 0.46328125 0.6791569086651054 0.0109375 0.00936768149882904
2 0.50390625 0.6791569086651054 0.0125 0.01639344262295082
2 0.4546875 0.6779859484777517 0.0078125 0.00702576112412178