2 0.86640625 0.42370892018779344 0.06875 0.035211267605633804
2 0.57578125 0.45422535211267606 0.0484375 0.035211267605633804
2 0.90703125 0.39906103286384975 0.053125 0.028169014084507043
2 0.98125 0.4061032863849765 0.0375 0.03051643192488263
2 0.86328125 0.3967136150234742 0.0421875 0.023474178403755867
2 0.97890625 0.3908450704225352 0.0421875 0.03755868544600939
2 0.8265625 0.4096244131455399 0.0375 0.03286384976525822
5 0.79296875 0.4471830985915493 0.0859375 0.07746478873239436
5 0.725 0.460093896713615 0.0875 0.06338028169014084
5 0.7859375 0.4025821596244131 0.0484375 0.02112676056338028
5 0.97890625 0.3884976525821596 0.0421875 0.03286384976525822
2 0.91796875 0.3673708920187793 0.025 0.02112676056338028