0 0.43046875 0.7669789227166276 0.0359375 0.117096018735363
2 0.7109375 0.7505854800936768 0.153125 0.2107728337236534
2 0.971875 0.702576112412178 0.05625 0.09601873536299765
2 0.77890625 0.6850117096018735 0.046875 0.06791569086651054
2 0.8640625 0.6768149882903981 0.05625 0.0585480093676815
2 0.9125 0.6651053864168618 0.0453125 0.06088992974238876
4 0.815625 0.860655737704918 0.09375 0.20843091334894615
4 0.853125 0.7306791569086651 0.040625 0.05620608899297424
4 0.92578125 0.8067915690866511 0.065625 0.1451990632318501
0 0.3640625 0.7810304449648712 0.0546875 0.11007025761124122
0 0.3375 0.7822014051522248 0.0109375 0.0936768149882904
4 0.79375 0.7142857142857143 0.0171875 0.02810304449648712
4 0.5796875 0.7423887587822015 0.0671875 0.0468384074941452
5 0.91484375 0.667447306791569 0.05 0.06557377049180328
5 0.196875 0.7259953161592506 0.2 0.19672131147540983
2 0.934375 0.6662763466042154 0.0203125 0.0585480093676815
2 0.99375 0.6498829039812647 0.0125 0.0117096018735363
2 0.1984375 0.7236533957845434 0.21875 0.21311475409836064
5 0.05703125 0.7096018735362998 0.1109375 0.20843091334894615
2 0.94921875 0.6697892271662763 0.0203125 0.05152224824355972