2 0.125 0.525 0.1578125 0.08125
2 0.8703125 0.5145833333333333 0.05 0.04583333333333333
2 0.9046875 0.478125 0.01875 0.025
2 0.85703125 0.4708333333333333 0.0140625 0.014583333333333334
2 0.81484375 0.4739583333333333 0.0140625 0.014583333333333334
2 0.840625 0.446875 0.0109375 0.0125
2 0.2421875 0.584375 0.0328125 0.07708333333333334
2 0.01328125 0.5510416666666667 0.0234375 0.06458333333333334
1 0.52265625 0.48541666666666666 0.5421875 0.42916666666666664
2 0.79375 0.48020833333333335 0.0109375 0.020833333333333332
2 0.82578125 0.4666666666666667 0.0140625 0.016666666666666666
2 0.853125 0.4510416666666667 0.0109375 0.0125
2 0.89609375 0.43854166666666666 0.009375 0.010416666666666666
2 0.8484375 0.4635416666666667 0.015625 0.014583333333333334