2 0.1546474358974359 0.79765625 0.10576923076923077 0.0796875
2 0.23237179487179488 0.77734375 0.052884615384615384 0.0453125
2 0.8573717948717948 0.80078125 0.10256410256410256 0.0796875
2 0.8189102564102564 0.775 0.08653846153846154 0.0578125
2 0.5352564102564102 0.78046875 0.07852564102564102 0.0578125
1 0.9278846153846154 0.7359375 0.14102564102564102 0.121875
2 0.30448717948717946 0.7703125 0.10576923076923077 0.04375
2 0.18349358974358973 0.7796875 0.09294871794871795 0.0625
2 0.47596153846153844 0.78125 0.09935897435897435 0.0515625
2 0.19310897435897437 0.625 0.04807692307692308 0.040625
2 0.5376602564102564 0.76484375 0.10096153846153846 0.0484375
2 0.32371794871794873 0.7140625 0.09615384615384616 0.04375
2 0.19471153846153846 0.528125 0.046474358974358976 0.040625
2 0.19310897435897437 0.44296875 0.07852564102564102 0.0296875