2 0.159375 0.3814553990610329 0.025 0.03286384976525822
2 0.2109375 0.3814553990610329 0.025 0.03051643192488263
2 0.25625 0.3814553990610329 0.0203125 0.028169014084507043
2 0.28828125 0.3532863849765258 0.0234375 0.025821596244131457
2 0.315625 0.3345070422535211 0.015625 0.01643192488262911
2 0.35703125 0.3215962441314554 0.021875 0.025821596244131457
4 0.84609375 0.6126760563380281 0.3078125 0.636150234741784
4 0.51875 0.5422535211267606 0.1234375 0.2300469483568075
4 0.41875 0.5293427230046949 0.075 0.17370892018779344
4 0.13828125 0.5481220657276995 0.0296875 0.0892018779342723
4 0.2234375 0.5669014084507042 0.0578125 0.11502347417840375
2 0.32890625 0.34976525821596244 0.0171875 0.02112676056338028
4 0.28984375 0.5586854460093896 0.0859375 0.2323943661971831
4 0.17578125 0.5269953051643192 0.046875 0.1572769953051643
4 0.09453125 0.5293427230046949 0.028125 0.07981220657276995
5 0.0234375 0.42370892018779344 0.046875 0.20657276995305165
4 0.34453125 0.5269953051643192 0.0390625 0.10093896713615023