4 0.89765625 0.7833333333333333 0.1265625 0.16875
4 0.76953125 0.7645833333333333 0.11875 0.1375
4 0.6625 0.7364583333333333 0.10625 0.17083333333333334
4 0.55859375 0.7489583333333333 0.1140625 0.12083333333333333
4 0.47734375 0.7364583333333333 0.0828125 0.11041666666666666
4 0.3921875 0.7270833333333333 0.1078125 0.10833333333333334
4 0.3265625 0.7208333333333333 0.0828125 0.09791666666666667
4 0.3046875 0.6958333333333333 0.109375 0.10625
4 0.07265625 0.6729166666666667 0.0765625 0.08333333333333333
4 0.2515625 0.6864583333333333 0.0515625 0.11041666666666666
4 0.109375 0.6854166666666667 0.0453125 0.06458333333333334
4 0.1234375 0.6979166666666666 0.0265625 0.05