2 0.16796875 0.390625 0.096875 0.03125
2 0.52109375 0.4010416666666667 0.0484375 0.022916666666666665
2 0.27734375 0.4041666666666667 0.0546875 0.025
2 0.37578125 0.39895833333333336 0.05625 0.022916666666666665
2 0.46484375 0.39791666666666664 0.0328125 0.014583333333333334
2 0.48828125 0.40208333333333335 0.0171875 0.020833333333333332
2 0.2234375 0.39791666666666664 0.053125 0.029166666666666667
2 0.2921875 0.39479166666666665 0.0640625 0.01875
2 0.41640625 0.4083333333333333 0.0578125 0.0375
2 0.71875 0.40208333333333335 0.025 0.01875
2 0.07109375 0.37916666666666665 0.025 0.010416666666666666
1 0.15546875 0.3958333333333333 0.071875 0.0375
2 0.3421875 0.3958333333333333 0.0359375 0.022916666666666665