1 0.17734375 0.5329411764705883 0.3515625 0.5058823529411764
1 0.44453125 0.5517647058823529 0.1890625 0.36705882352941177
1 0.578125 0.56 0.115625 0.28941176470588237
1 0.6578125 0.5576470588235294 0.053125 0.2211764705882353
1 0.73046875 0.5588235294117647 0.1015625 0.19058823529411764
1 0.83125 0.5670588235294117 0.053125 0.1623529411764706
1 0.90234375 0.5670588235294117 0.05625 0.0988235294117647
1 0.9703125 0.5729411764705883 0.059375 0.04470588235294118
1 0.8 0.5658823529411765 0.046875 0.16
1 0.87578125 0.5694117647058824 0.05 0.0988235294117647
1 0.9109375 0.5658823529411765 0.0609375 0.0988235294117647