2 0.37265625 0.9145833333333333 0.1015625 0.1625
2 0.44921875 0.8864583333333333 0.09375 0.13541666666666666
2 0.52734375 0.8635416666666667 0.103125 0.12916666666666668
2 0.59921875 0.85 0.11875 0.13125
2 0.6984375 0.9333333333333333 0.146875 0.11458333333333333
2 0.7765625 0.7958333333333333 0.1125 0.0875
2 0.840625 0.8885416666666667 0.146875 0.10625
2 0.75859375 0.90625 0.1546875 0.15208333333333332
2 0.603125 0.946875 0.13125 0.10625
2 0.97578125 0.9020833333333333 0.0484375 0.07708333333333334
2 0.88984375 0.871875 0.128125 0.09583333333333334
2 0.51484375 0.9447916666666667 0.1234375 0.11041666666666666
2 0.95078125 0.7895833333333333 0.0984375 0.07916666666666666