2 0.25078125 0.8501170960187353 0.0421875 0.03981264637002342
2 0.3375 0.8489461358313818 0.015625 0.01873536299765808
2 0.59765625 0.8466042154566745 0.021875 0.02810304449648712
2 0.18515625 0.8489461358313818 0.0546875 0.04918032786885246
2 0.95078125 0.8407494145199064 0.096875 0.1053864168618267
2 0.35703125 0.8466042154566745 0.015625 0.01873536299765808
2 0.22734375 0.8536299765807962 0.01875 0.03278688524590164
5 0.75234375 0.84192037470726 0.08125 0.08196721311475409
5 0.5484375 0.8395784543325527 0.0453125 0.06088992974238876
5 0.09375 0.8384074941451991 0.0984375 0.08899297423887588
5 0.28359375 0.8454332552693209 0.025 0.0351288056206089
5 0.5 0.84192037470726 0.025 0.03044496487119438
5 0.95 0.84192037470726 0.096875 0.1053864168618267
5 0.184375 0.8477751756440282 0.0546875 0.053864168618266976
2 0.3875 0.8489461358313818 0.01875 0.01873536299765808
2 0.3671875 0.8454332552693209 0.0109375 0.01405152224824356