2 0.66171875 0.46145833333333336 0.140625 0.1125
2 0.85234375 0.4427083333333333 0.0359375 0.075
2 0.5640625 0.42291666666666666 0.0640625 0.06041666666666667
2 0.52109375 0.409375 0.0296875 0.027083333333333334
2 0.48984375 0.4125 0.0453125 0.04791666666666667
2 0.6203125 0.421875 0.0515625 0.041666666666666664
4 0.55859375 0.5885416666666666 0.1609375 0.25625
2 0.42265625 0.4114583333333333 0.0359375 0.04583333333333333
5 0.7640625 0.4395833333333333 0.153125 0.11458333333333333
5 0.37421875 0.39375 0.06875 0.1
5 0.48984375 0.41041666666666665 0.04375 0.052083333333333336