2 0.55078125 0.32102908277404923 0.04375 0.06263982102908278
2 0.7640625 0.1319910514541387 0.0328125 0.04697986577181208
1 0.4609375 0.5380313199105146 0.0890625 0.2080536912751678
1 0.55078125 0.5570469798657718 0.0859375 0.21476510067114093
1 0.61875 0.7002237136465325 0.0921875 0.24608501118568232
1 0.7 0.378076062639821 0.08125 0.19015659955257272
1 0.50390625 0.4105145413870246 0.078125 0.19239373601789708
1 0.33515625 0.6498881431767338 0.0734375 0.23937360178970918
1 0.62578125 0.19686800894854586 0.0484375 0.15659955257270694
1 0.65078125 0.34116331096196867 0.0890625 0.13646532438478748
1 0.559375 0.22818791946308725 0.0609375 0.17002237136465326
2 0.4359375 0.674496644295302 0.0546875 0.08501118568232663
1 0.371875 0.796420581655481 0.1203125 0.2639821029082774
1 0.37109375 0.5212527964205816 0.1078125 0.18120805369127516
1 0.72890625 0.2941834451901566 0.0625 0.18568232662192394
1 0.72265625 0.14093959731543623 0.046875 0.15659955257270694
2 0.765625 0.024608501118568233 0.0453125 0.03355704697986577
2 0.46953125 0.174496644295302 0.0265625 0.03131991051454139