5 0.87421875 0.34192037470725994 0.0671875 0.08196721311475409
5 0.58125 0.2822014051522248 0.059375 0.03044496487119438
5 0.59921875 0.31733021077283374 0.0625 0.03981264637002342
2 0.18671875 0.2775175644028103 0.0375 0.04449648711943794
2 0.98359375 0.35362997658079626 0.0328125 0.0468384074941452
2 0.37890625 0.2939110070257611 0.071875 0.03747072599531616
2 0.4359375 0.297423887587822 0.0296875 0.04215456674473068
2 0.5359375 0.3009367681498829 0.0609375 0.04449648711943794
2 0.64375 0.34192037470725994 0.071875 0.04215456674473068
2 0.56015625 0.3114754098360656 0.05 0.03981264637002342
2 0.22421875 0.27985948477751754 0.04375 0.04215456674473068
2 0.93515625 0.34894613583138173 0.053125 0.053864168618266976
2 0.8203125 0.3548009367681499 0.0328125 0.04215456674473068
2 0.49453125 0.2997658079625293 0.0359375 0.0351288056206089
2 0.10234375 0.2716627634660422 0.0359375 0.04918032786885246
2 0.62421875 0.32669789227166274 0.0453125 0.0351288056206089