2 0.4016393442622951 0.78828125 0.1522248243559719 0.05625
2 0.17330210772833723 0.78203125 0.1053864168618267 0.059375
2 0.24941451990632318 0.77578125 0.07259953161592506 0.03125
2 0.4601873536299766 0.77265625 0.06088992974238876 0.0375
2 0.9180327868852459 0.8140625 0.16393442622950818 0.165625
4 0.6533957845433255 0.8984375 0.11943793911007025 0.1296875
2 0.08430913348946135 0.76875 0.03044496487119438 0.0171875
2 0.5562060889929742 0.78203125 0.06557377049180328 0.040625
2 0.02459016393442623 0.759375 0.01639344262295082 0.009375
2 0.7693208430913349 0.80234375 0.21779859484777517 0.1015625
2 0.03864168618266979 0.7859375 0.07494145199063232 0.0484375
2 0.07611241217798595 0.75859375 0.04918032786885246 0.0234375