2 0.09296875 0.5542452830188679 0.0296875 0.02358490566037736
2 0.01328125 0.5742924528301887 0.025 0.07075471698113207
2 0.1234375 0.5459905660377359 0.0265625 0.0330188679245283
2 0.18984375 0.5306603773584906 0.0125 0.01650943396226415
2 0.14375 0.5436320754716981 0.0171875 0.02358490566037736
2 0.25625 0.5412735849056604 0.015625 0.02122641509433962
5 0.5609375 0.5389150943396226 0.2796875 0.29952830188679247
5 0.7828125 0.5872641509433962 0.18125 0.1320754716981132
5 0.9296875 0.5731132075471698 0.140625 0.1391509433962264
2 0.03828125 0.5683962264150944 0.0359375 0.054245283018867926
2 0.34296875 0.5707547169811321 0.0515625 0.05188679245283019
2 0.1703125 0.5306603773584906 0.0125 0.01179245283018868
2 0.1546875 0.5389150943396226 0.0125 0.02122641509433962
2 0.18515625 0.5117924528301887 0.0078125 0.009433962264150943