0 0.76328125 0.5635416666666667 0.0328125 0.08541666666666667
0 0.715625 0.5645833333333333 0.0390625 0.07916666666666666
0 0.7328125 0.5572916666666666 0.0328125 0.07708333333333334
0 0.68125 0.5604166666666667 0.0390625 0.08958333333333333
0 0.590625 0.5666666666666667 0.0796875 0.03125
0 0.5390625 0.5520833333333334 0.03125 0.05
0 0.72109375 0.5479166666666667 0.0171875 0.029166666666666667
0 0.7 0.5479166666666667 0.0203125 0.04583333333333333
0 0.57890625 0.54375 0.0375 0.041666666666666664
0 0.5140625 0.5625 0.0296875 0.07708333333333334
0 0.79375 0.5802083333333333 0.0109375 0.041666666666666664
0 0.47109375 0.5447916666666667 0.0328125 0.05
0 0.44921875 0.5489583333333333 0.0234375 0.041666666666666664