2 0.92734375 0.58 0.1421875 0.2188235294117647
2 0.33828125 0.5894117647058823 0.071875 0.2188235294117647
2 0.88671875 0.8611764705882353 0.2265625 0.25176470588235295
2 0.30234375 0.5752941176470588 0.0625 0.17411764705882352
2 0.91328125 0.4611764705882353 0.04375 0.02823529411764706
2 0.25859375 0.4117647058823529 0.05 0.03294117647058824
2 0.26171875 0.4388235294117647 0.05 0.04941176470588235
2 0.34375 0.6376470588235295 0.0515625 0.2376470588235294
2 0.3 0.4811764705882353 0.0359375 0.03529411764705882
2 0.8984375 0.45176470588235296 0.0671875 0.03529411764705882
1 0.59921875 0.5152941176470588 0.4765625 0.7764705882352941
2 0.32265625 0.5364705882352941 0.1078125 0.16705882352941176
2 0.27578125 0.4541176470588235 0.075 0.05647058823529412
2 0.85859375 0.5505882352941176 0.0734375 0.16705882352941176