2 0.62109375 0.5376344086021505 0.396875 0.35913978494623655
2 0.175 0.4397849462365591 0.203125 0.2946236559139785
2 0.4328125 0.6440860215053763 0.865625 0.7118279569892473
2 0.7796875 0.4344086021505376 0.2609375 0.2989247311827957
2 0.10546875 0.3881720430107527 0.18125 0.10752688172043011
2 0.46796875 0.42795698924731185 0.1390625 0.12473118279569892
2 0.11171875 0.5268817204301075 0.2140625 0.1053763440860215
2 0.1765625 0.29354838709677417 0.14375 0.08817204301075268
1 0.1421875 0.16666666666666666 0.1984375 0.3010752688172043
2 0.55078125 0.2849462365591398 0.16875 0.09247311827956989
1 0.384375 0.2053763440860215 0.190625 0.16344086021505377
1 0.3 0.13870967741935483 0.1328125 0.16344086021505377
5 0.38671875 0.1967741935483871 0.1796875 0.17849462365591398
5 0.4703125 0.08494623655913978 0.103125 0.10752688172043011
2 0.11015625 0.5913978494623656 0.2203125 0.1053763440860215
2 0.5359375 0.3903225806451613 0.1265625 0.14838709677419354
1 0.56484375 0.08064516129032258 0.090625 0.09247311827956989
2 0.58046875 0.310752688172043 0.1453125 0.0967741935483871