2 0.20390625 0.6436915887850467 0.1359375 0.21962616822429906
2 0.28671875 0.6320093457943925 0.0796875 0.10514018691588785
2 0.65234375 0.6121495327102804 0.0203125 0.03271028037383177
2 0.72109375 0.6039719626168224 0.034375 0.037383177570093455
2 0.33515625 0.6156542056074766 0.0359375 0.07009345794392523
2 0.69375 0.6086448598130841 0.0296875 0.02570093457943925
2 0.77421875 0.602803738317757 0.034375 0.02336448598130841
2 0.66796875 0.6121495327102804 0.0203125 0.028037383177570093
2 0.81640625 0.6016355140186916 0.025 0.02336448598130841
2 0.86015625 0.5992990654205608 0.025 0.018691588785046728
1 0.49609375 0.5689252336448598 0.303125 0.5210280373831776
1 0.09375 0.5397196261682243 0.18125 0.7242990654205608
2 0.94375 0.6448598130841121 0.046875 0.056074766355140186
2 0.96640625 0.6133177570093458 0.028125 0.030373831775700934
2 0.984375 0.5934579439252337 0.0234375 0.02570093457943925