2 0.2796875 0.5117096018735363 0.128125 0.17798594847775176
2 0.784375 0.5070257611241218 0.1 0.0702576112412178
2 0.8890625 0.5245901639344263 0.1265625 0.08899297423887588
2 0.7125 0.49882903981264637 0.0734375 0.05620608899297424
2 0.97578125 0.5421545667447307 0.0484375 0.08899297423887588
1 0.5140625 0.45081967213114754 0.309375 0.36065573770491804
2 0.35703125 0.4484777517564403 0.0171875 0.03981264637002342
2 0.34765625 0.43676814988290397 0.0140625 0.01873536299765808
2 0.69765625 0.4718969555035129 0.0578125 0.03981264637002342
2 0.99140625 0.4718969555035129 0.0171875 0.02576112412177986
2 0.3265625 0.4426229508196721 0.0125 0.01873536299765808