1 0.57265625 0.6541666666666667 0.3578125 0.17083333333333334
1 0.8890625 0.6125 0.221875 0.14166666666666666
1 0.5 0.5395833333333333 0.0828125 0.08333333333333333
1 0.1828125 0.6989583333333333 0.2359375 0.14375
1 0.3515625 0.5947916666666667 0.165625 0.09583333333333334
1 0.79140625 0.484375 0.13125 0.06875
1 0.4671875 0.48333333333333334 0.0453125 0.01875
1 0.4203125 0.528125 0.071875 0.075
1 0.56015625 0.5375 0.0921875 0.08125
1 0.64921875 0.5479166666666667 0.0859375 0.0625
1 0.86796875 0.53125 0.1078125 0.05625
1 0.96640625 0.5197916666666667 0.065625 0.052083333333333336
2 0.16640625 0.8604166666666667 0.3046875 0.14375
2 0.14296875 0.9427083333333334 0.2859375 0.11458333333333333
2 0.43671875 0.825 0.2234375 0.11041666666666666
2 0.34765625 0.9729166666666667 0.278125 0.05416666666666667
2 0.65859375 0.8083333333333333 0.1921875 0.09791666666666667
5 0.64296875 0.9302083333333333 0.2828125 0.13958333333333334
2 0.41328125 0.915625 0.2328125 0.12291666666666666
2 0.88046875 0.9072916666666667 0.2390625 0.15625
2 0.68046875 0.8729166666666667 0.2109375 0.09166666666666666
2 0.75703125 0.984375 0.2078125 0.029166666666666667
5 0.815625 0.7708333333333334 0.1515625 0.09166666666666666
5 0.884375 0.5114583333333333 0.1 0.07291666666666667
5 0.884375 0.8083333333333333 0.23125 0.11875
1 0.2265625 0.5541666666666667 0.0703125 0.12708333333333333