2 0.24609375 0.6729166666666667 0.08125 0.10833333333333334
2 0.2109375 0.659375 0.059375 0.09375
2 0.175 0.65 0.0359375 0.075
4 0.26640625 0.7385416666666667 0.046875 0.12916666666666668
4 0.13515625 0.696875 0.0203125 0.052083333333333336
4 0.97578125 0.809375 0.0484375 0.12291666666666666
5 0.4734375 0.74375 0.36875 0.3770833333333333
2 0.128125 0.6541666666666667 0.0546875 0.08125
5 0.175 0.6520833333333333 0.0359375 0.07708333333333334
4 0.1171875 0.684375 0.015625 0.04583333333333333
2 0.19375 0.9229166666666667 0.384375 0.12708333333333333
4 0.1578125 0.640625 0.00625 0.010416666666666666