2 0.34296875 0.29375 0.678125 0.45416666666666666
2 0.80078125 0.19479166666666667 0.3484375 0.25416666666666665
2 0.9625 0.14791666666666667 0.075 0.13333333333333333
2 0.6671875 0.06979166666666667 0.1265625 0.08125
2 0.38515625 0.06770833333333333 0.1453125 0.06458333333333334
5 0.53203125 0.07604166666666666 0.1546875 0.08333333333333333
5 0.16171875 0.09479166666666666 0.3234375 0.17083333333333334
5 0.88359375 0.071875 0.0875 0.052083333333333336
2 0.9625 0.075 0.075 0.04583333333333333
2 0.721875 0.090625 0.165625 0.07916666666666666
2 0.79609375 0.059375 0.0765625 0.027083333333333334