2 0.06953125 0.4510416666666667 0.0625 0.025
2 0.128125 0.4510416666666667 0.04375 0.020833333333333332
2 0.1796875 0.44895833333333335 0.0421875 0.022916666666666665
2 0.1609375 0.5208333333333334 0.0640625 0.06458333333333334
2 0.41328125 0.47604166666666664 0.0453125 0.052083333333333336
2 0.24296875 0.4479166666666667 0.04375 0.01875
2 0.4375 0.44375 0.0390625 0.022916666666666665
4 0.77890625 0.6770833333333334 0.165625 0.32083333333333336
4 0.56953125 0.5739583333333333 0.0875 0.16875
4 0.66015625 0.6104166666666667 0.0953125 0.16875
4 0.628125 0.4552083333333333 0.0203125 0.035416666666666666
4 0.3859375 0.5864583333333333 0.065625 0.13125
4 0.3234375 0.5510416666666667 0.05 0.14166666666666666
4 0.2828125 0.5677083333333334 0.0421875 0.09375
4 0.24765625 0.5666666666666667 0.0375 0.08958333333333333
4 0.1359375 0.615625 0.10625 0.18541666666666667
4 0.45859375 0.59375 0.1 0.19791666666666666
4 0.50078125 0.5697916666666667 0.0609375 0.12291666666666666
4 0.35703125 0.5697916666666667 0.0296875 0.14166666666666666
2 0.7171875 0.5010416666666667 0.075 0.04791666666666667
2 0.328125 0.44895833333333335 0.065625 0.01875
2 0.67265625 0.440625 0.0375 0.025