2 0.965625 0.22588235294117648 0.05625 0.06352941176470588
2 0.1640625 0.23058823529411765 0.084375 0.07764705882352942
2 0.853125 0.2188235294117647 0.0546875 0.07764705882352942
2 0.775 0.2211764705882353 0.0609375 0.07294117647058823
2 0.05546875 0.24352941176470588 0.0984375 0.07294117647058823
2 0.1015625 0.22941176470588234 0.0703125 0.08
2 0.39921875 0.24235294117647058 0.0375 0.04941176470588235
2 0.45703125 0.23647058823529413 0.0265625 0.047058823529411764
2 0.41640625 0.22588235294117648 0.0578125 0.07058823529411765
2 0.53359375 0.23294117647058823 0.0296875 0.05411764705882353
2 0.6265625 0.22705882352941176 0.021875 0.0611764705882353
2 0.5703125 0.2223529411764706 0.05 0.07294117647058823
2 0.6625 0.22 0.046875 0.06823529411764706