2 0.59375 0.7854166666666667 0.1125 0.0625
2 0.67890625 0.7864583333333334 0.09375 0.05416666666666667
2 0.1234375 0.7760416666666666 0.0703125 0.04791666666666667
2 0.86875 0.7729166666666667 0.0359375 0.0375
2 0.9078125 0.7697916666666667 0.0375 0.03333333333333333
2 0.2765625 0.7760416666666666 0.0703125 0.035416666666666666
5 0.19375 0.7572916666666667 0.0953125 0.08333333333333333
2 0.76015625 0.7822916666666667 0.0765625 0.05
2 0.82265625 0.7729166666666667 0.05625 0.05625
2 0.34921875 0.7802083333333333 0.0296875 0.027083333333333334
2 0.06171875 0.7770833333333333 0.05 0.03125
5 0.971875 0.7760416666666666 0.0546875 0.06666666666666667
5 0.06796875 0.7583333333333333 0.053125 0.035416666666666666
2 0.95625 0.9010416666666666 0.0859375 0.15
2 0.02421875 0.7760416666666666 0.0421875 0.03125