2 0.11875 0.7752941176470588 0.228125 0.19294117647058823
2 0.25546875 0.7152941176470589 0.128125 0.12941176470588237
2 0.32578125 0.711764705882353 0.1 0.08705882352941176
2 0.21875 0.6564705882352941 0.0625 0.04470588235294118
2 0.64375 0.76 0.2109375 0.13411764705882354
5 0.0421875 0.6294117647058823 0.084375 0.08705882352941176
2 0.48671875 0.7294117647058823 0.1625 0.11058823529411765
2 0.83984375 0.8117647058823529 0.284375 0.18823529411764706
2 0.9453125 0.7364705882352941 0.109375 0.11294117647058824
2 0.784375 0.7105882352941176 0.165625 0.058823529411764705
2 0.94296875 0.8823529411764706 0.1140625 0.21176470588235294