2 0.6375 0.6088992974238876 0.0359375 0.03747072599531616
2 0.603125 0.6159250585480094 0.05625 0.0468384074941452
2 0.66328125 0.6112412177985949 0.028125 0.03278688524590164
2 0.74140625 0.6065573770491803 0.03125 0.03044496487119438
2 0.678125 0.6030444964871194 0.0328125 0.03981264637002342
2 0.8234375 0.6042154566744731 0.028125 0.02576112412177986
2 0.69921875 0.6018735362997658 0.025 0.03278688524590164
2 0.759375 0.5960187353629977 0.0140625 0.01873536299765808
2 0.76640625 0.594847775175644 0.0234375 0.02107728337236534
2 0.8578125 0.6194379391100703 0.0375 0.04918032786885246
2 0.8203125 0.5889929742388759 0.0125 0.00468384074941452