2 0.96796875 0.2716627634660422 0.015625 0.01873536299765808
2 0.5171875 0.2786885245901639 0.0375 0.01405152224824356
2 0.64296875 0.2810304449648712 0.03125 0.00936768149882904
2 0.29765625 0.28454332552693207 0.0296875 0.0117096018735363
2 0.94609375 0.2681498829039813 0.015625 0.01873536299765808
2 0.4 0.2810304449648712 0.040625 0.01639344262295082
2 0.33515625 0.2822014051522248 0.034375 0.01405152224824356
2 0.23515625 0.28337236533957844 0.028125 0.0117096018735363
2 0.48203125 0.2822014051522248 0.03125 0.0117096018735363
2 0.55078125 0.2810304449648712 0.0203125 0.0117096018735363
2 0.93984375 0.2892271662763466 0.03125 0.04215456674473068
2 0.02578125 0.2892271662763466 0.0203125 0.01639344262295082