0 0.635 0.8933333333333333 0.408 0.18933333333333333
0 0.599 0.8946666666666667 0.144 0.18666666666666668
0 0.714 0.8826666666666667 0.204 0.208
0 0.561 0.7826666666666666 0.116 0.136
2 0.261 0.7173333333333334 0.334 0.14666666666666667
2 0.339 0.6466666666666666 0.186 0.08266666666666667
2 0.188 0.6426666666666667 0.116 0.07733333333333334
0 0.435 0.7866666666666666 0.05 0.13066666666666665
0 0.692 0.7573333333333333 0.032 0.072
2 0.342 0.6746666666666666 0.186 0.08533333333333333
2 0.116 0.644 0.082 0.08533333333333333