5 0.27734375 0.25729166666666664 0.234375 0.24166666666666667
2 0.50390625 0.3177083333333333 0.125 0.15833333333333333
2 0.4265625 0.21458333333333332 0.04375 0.052083333333333336
2 0.4859375 0.22083333333333333 0.05625 0.03958333333333333
2 0.50546875 0.19270833333333334 0.040625 0.058333333333333334
2 0.471875 0.16145833333333334 0.021875 0.020833333333333332
2 0.08125 0.3614583333333333 0.1625 0.29583333333333334
2 0.43671875 0.2 0.0390625 0.04375
2 0.39921875 0.23854166666666668 0.0234375 0.1125
2 0.4890625 0.23125 0.05625 0.020833333333333332
2 0.45546875 0.18125 0.0328125 0.04375
2 0.49765625 0.20520833333333333 0.0328125 0.03333333333333333
2 0.49765625 0.16354166666666667 0.01875 0.008333333333333333