0 0.6546875 0.6506410256410257 0.009375 0.029914529914529916
2 0.575 0.6292735042735043 0.078125 0.03632478632478633
2 0.60859375 0.6228632478632479 0.0546875 0.03418803418803419
2 0.62421875 0.6164529914529915 0.0375 0.027777777777777776
2 0.73125 0.6314102564102564 0.0296875 0.042735042735042736
2 0.65 0.6143162393162394 0.021875 0.014957264957264958
0 0.33671875 0.6645299145299145 0.015625 0.03205128205128205
1 0.321875 0.6303418803418803 0.0890625 0.07264957264957266
5 0.5640625 0.6282051282051282 0.0640625 0.0405982905982906
5 0.7296875 0.6292735042735043 0.03125 0.04487179487179487
5 0.48125 0.6196581196581197 0.03125 0.027777777777777776
2 0.503125 0.6228632478632479 0.015625 0.023504273504273504
2 0.678125 0.6185897435897436 0.0234375 0.029914529914529916
2 0.71015625 0.6079059829059829 0.0171875 0.021367521367521368