4 0.1625 0.3875 0.0421875 0.09166666666666666
2 0.8140625 0.7635416666666667 0.371875 0.40208333333333335
2 0.57421875 0.5114583333333333 0.1765625 0.21041666666666667
2 0.4296875 0.3927083333333333 0.1296875 0.15208333333333332
2 0.23515625 0.3145833333333333 0.09375 0.1125
2 0.9171875 0.4625 0.165625 0.16666666666666666
5 0.29375 0.28020833333333334 0.0875 0.10625
2 0.68203125 0.590625 0.2515625 0.25
2 0.65625 0.3770833333333333 0.115625 0.125
2 0.55546875 0.409375 0.14375 0.11041666666666666
2 0.20859375 0.3302083333333333 0.3640625 0.18541666666666667
5 0.4046875 0.2708333333333333 0.109375 0.11666666666666667
5 0.55859375 0.3 0.125 0.1375
5 0.7796875 0.396875 0.140625 0.16875