2 0.94921875 0.509367681498829 0.1015625 0.23185011709601874
2 0.9390625 0.4953161592505855 0.11875 0.22482435597189696
2 0.70078125 0.47306791569086654 0.04375 0.12646370023419204
2 0.4125 0.49063231850117095 0.19375 0.25995316159250587
2 0.79609375 0.47540983606557374 0.053125 0.12646370023419204
2 0.51640625 0.40046838407494145 0.053125 0.06557377049180328
2 0.91328125 0.4859484777517564 0.090625 0.2224824355971897
2 0.37890625 0.4133489461358314 0.1390625 0.1522248243559719
2 0.871875 0.4168618266978923 0.05625 0.09133489461358314
4 0.5484375 0.6463700234192038 0.1828125 0.3395784543325527
2 0.2921875 0.3758782201405152 0.05625 0.08665105386416862
2 0.696875 0.4613583138173302 0.08125 0.13348946135831383
2 0.59140625 0.4016393442622951 0.0578125 0.0585480093676815