0 0.3234375 0.8387850467289719 0.1296875 0.3014018691588785
0 0.21796875 0.8352803738317757 0.115625 0.3177570093457944
0 0.1484375 0.8434579439252337 0.08125 0.2546728971962617
0 0.41875 0.7301401869158879 0.0875 0.13317757009345793
0 0.46328125 0.6950934579439252 0.0625 0.12149532710280374
0 0.34375 0.6752336448598131 0.090625 0.11682242990654206
0 0.734375 0.5210280373831776 0.0796875 0.08644859813084112
0 0.83125 0.4672897196261682 0.0390625 0.05841121495327103
0 0.83359375 0.4427570093457944 0.0453125 0.04205607476635514
0 0.178125 0.705607476635514 0.0515625 0.0630841121495327
0 0.0546875 0.8072429906542056 0.1078125 0.10747663551401869
0 0.63515625 0.5560747663551402 0.04375 0.08644859813084112
0 0.26640625 0.6950934579439252 0.040625 0.08411214953271028