2 0.80703125 0.6810344827586207 0.0796875 0.04310344827586207
2 0.15859375 0.6864224137931034 0.1125 0.04956896551724138
2 0.2265625 0.6885775862068966 0.084375 0.036637931034482756
2 0.43203125 0.6928879310344828 0.0734375 0.04741379310344827
2 0.6140625 0.6842672413793104 0.0296875 0.036637931034482756
5 0.64296875 0.6745689655172413 0.0890625 0.04310344827586207
5 0.54453125 0.6713362068965517 0.1125 0.07543103448275862
2 0.69609375 0.6767241379310345 0.0890625 0.05603448275862069
5 0.353125 0.6928879310344828 0.1171875 0.0625
2 0.8703125 0.6842672413793104 0.08125 0.04741379310344827
2 0.7546875 0.6842672413793104 0.065625 0.040948275862068964
2 0.96640625 0.6799568965517241 0.0671875 0.040948275862068964
2 0.29609375 0.6842672413793104 0.075 0.04310344827586207
2 0.109375 0.697198275862069 0.084375 0.04310344827586207
2 0.35390625 0.6928879310344828 0.1140625 0.0603448275862069
2 0.48671875 0.6918103448275862 0.053125 0.04525862068965517