5 0.60859375 0.49583333333333335 0.1859375 0.35833333333333334
5 0.3515625 0.525 0.240625 0.2125
5 0.7328125 0.371875 0.0640625 0.09583333333333334
5 0.1796875 0.8625 0.2625 0.2375
2 0.0703125 0.8104166666666667 0.1359375 0.14791666666666667
2 0.35703125 0.6833333333333333 0.1625 0.17291666666666666
2 0.4375 0.6177083333333333 0.1234375 0.125
2 0.48515625 0.55625 0.0921875 0.09166666666666666
5 0.20625 0.665625 0.18125 0.15208333333333332
5 0.61484375 0.3489583333333333 0.0875 0.10416666666666667
5 0.5203125 0.4 0.0796875 0.0625
5 0.2078125 0.3260416666666667 0.0640625 0.03958333333333333
5 0.01875 0.43020833333333336 0.0375 0.17291666666666666
2 0.8109375 0.39791666666666664 0.0609375 0.04791666666666667
2 0.1359375 0.3927083333333333 0.0625 0.06666666666666667
2 0.54609375 0.459375 0.075 0.05625
2 0.80078125 0.36770833333333336 0.046875 0.022916666666666665
2 0.5265625 0.6927083333333334 0.125 0.12291666666666666
2 0.1421875 0.5989583333333334 0.1328125 0.10208333333333333
2 0.06328125 0.66875 0.121875 0.12916666666666668
2 0.4921875 0.4322916666666667 0.065625 0.05