2 0.92265625 0.3284823284823285 0.0265625 0.031185031185031187
2 0.89609375 0.32744282744282743 0.025 0.02494802494802495
2 0.83828125 0.32536382536382535 0.0328125 0.029106029106029108
2 0.89921875 0.37422037422037424 0.0375 0.016632016632016633
2 0.96328125 0.3762993762993763 0.053125 0.031185031185031187
2 0.51484375 0.25675675675675674 0.0421875 0.02702702702702703
2 0.47734375 0.2577962577962578 0.03125 0.02286902286902287
2 0.475 0.2338877338877339 0.0328125 0.035343035343035345
2 0.49921875 0.3991683991683992 0.0484375 0.033264033264033266
2 0.753125 0.420997920997921 0.040625 0.016632016632016633
2 0.7859375 0.32224532224532226 0.0375 0.031185031185031187
2 0.74453125 0.32536382536382535 0.0703125 0.05197505197505198