2 0.89296875 0.615625 0.0359375 0.03125
2 0.921875 0.609375 0.028125 0.027083333333333334
2 0.809375 0.6322916666666667 0.021875 0.03958333333333333
2 0.83671875 0.6260416666666667 0.0515625 0.041666666666666664
2 0.93671875 0.6072916666666667 0.015625 0.020833333333333332
2 0.98984375 0.64375 0.0203125 0.07291666666666667
2 0.0109375 0.7135416666666666 0.021875 0.075
1 0.70234375 0.6197916666666666 0.19375 0.18125
2 0.94921875 0.5989583333333334 0.0171875 0.01875
2 0.99296875 0.590625 0.0140625 0.014583333333333334
2 0.98125 0.6145833333333334 0.0328125 0.04791666666666667
2 0.9625 0.5979166666666667 0.0125 0.016666666666666666