2 0.2 0.5690866510538641 0.03125 0.03278688524590164
4 0.3109375 0.7353629976580797 0.04375 0.0936768149882904
4 0.23671875 0.629976580796253 0.0265625 0.0585480093676815
4 0.646875 0.6463700234192038 0.034375 0.053864168618266976
4 0.2109375 0.6814988290398126 0.03125 0.06323185011709602
4 0.2578125 0.6053864168618267 0.015625 0.02810304449648712
4 0.13515625 0.5878220140515222 0.009375 0.0234192037470726
4 0.553125 0.6229508196721312 0.034375 0.05152224824355972
4 0.16328125 0.6147540983606558 0.0171875 0.0351288056206089
4 0.61484375 0.6252927400468384 0.0515625 0.0702576112412178
4 0.91484375 0.6768149882903981 0.0609375 0.117096018735363
2 0.23203125 0.5714285714285714 0.0328125 0.03278688524590164
2 0.01328125 0.6135831381733021 0.0140625 0.0702576112412178
4 0.9609375 0.6826697892271663 0.0390625 0.09133489461358314
4 0.53359375 0.6112412177985949 0.0234375 0.0585480093676815
4 0.115625 0.5690866510538641 0.00625 0.01405152224824356