2 0.13984375 0.7611241217798594 0.0578125 0.02810304449648712
2 0.46171875 0.7599531615925058 0.05625 0.0351288056206089
2 0.3625 0.7599531615925058 0.065625 0.03278688524590164
2 0.2796875 0.7587822014051522 0.040625 0.0234192037470726
5 0.025 0.7552693208430913 0.05 0.06088992974238876
5 0.28515625 0.752927400468384 0.0609375 0.0468384074941452
5 0.54296875 0.7576112412177985 0.0359375 0.03981264637002342
2 0.42890625 0.7634660421545667 0.0203125 0.01873536299765808
2 0.16640625 0.7587822014051522 0.0390625 0.03278688524590164
2 0.034375 0.7552693208430913 0.028125 0.04918032786885246
5 0.6375 0.7482435597189696 0.034375 0.053864168618266976