4 0.43984375 0.7330210772833724 0.8796875 0.5128805620608899
4 0.45234375 0.6053864168618267 0.3296875 0.20140515222482436
4 0.703125 0.45433255269320844 0.14375 0.27400468384074944
4 0.9109375 0.5913348946135831 0.178125 0.5480093676814989
4 0.36015625 0.4707259953161593 0.203125 0.08899297423887588
4 0.35625 0.4648711943793911 0.10625 0.0702576112412178
4 0.4171875 0.41920374707259955 0.0859375 0.07259953161592506
4 0.80234375 0.5070257611241218 0.1921875 0.3161592505854801
4 0.5140625 0.6744730679156908 0.43125 0.22716627634660422
4 0.40625 0.5257611241217799 0.353125 0.13348946135831383
4 0.3875 0.5 0.25 0.11241217798594848
4 0.4984375 0.3864168618266979 0.1140625 0.1405152224824356
4 0.615625 0.446135831381733 0.1015625 0.2224824355971897