0 0.4046875 0.725 0.44375 0.41041666666666665
0 0.4953125 0.65 0.3234375 0.325
0 0.5375 0.5583333333333333 0.1328125 0.14791666666666667
0 0.63203125 0.5583333333333333 0.1734375 0.22708333333333333
2 0.93046875 0.3729166666666667 0.040625 0.035416666666666666
0 0.71484375 0.5270833333333333 0.0828125 0.12708333333333333
0 0.59296875 0.5729166666666666 0.2109375 0.23333333333333334
0 0.65234375 0.5322916666666667 0.15 0.18958333333333333
0 0.60859375 0.65 0.15 0.22083333333333333
0 0.709375 0.4822916666666667 0.1078125 0.1375
0 0.67421875 0.5145833333333333 0.1484375 0.17291666666666666
0 0.68671875 0.490625 0.1625 0.12291666666666666
0 0.4953125 0.5354166666666667 0.109375 0.11875
0 0.75546875 0.478125 0.071875 0.07291666666666667