2 0.065625 0.6013513513513513 0.0296875 0.10135135135135136
2 0.9046875 0.6047297297297297 0.0453125 0.13513513513513514
2 0.75703125 0.6081081081081081 0.0234375 0.10135135135135136
2 0.034375 0.597972972972973 0.025 0.11486486486486487
2 0.18515625 0.6148648648648649 0.0546875 0.13513513513513514
2 0.01640625 0.6182432432432432 0.0328125 0.13513513513513514
2 0.8421875 0.5405405405405406 0.0125 0.033783783783783786
2 0.7984375 0.5506756756756757 0.009375 0.033783783783783786
2 0.77421875 0.5743243243243243 0.01875 0.06756756756756757
4 0.9328125 0.5878378378378378 0.021875 0.11486486486486487
1 0.4453125 0.597972972972973 0.446875 0.7027027027027027
5 0.7078125 0.5777027027027027 0.0828125 0.28378378378378377
5 0.09765625 0.5337837837837838 0.015625 0.07432432432432433
2 0.15078125 0.5912162162162162 0.025 0.08783783783783784
2 0.13984375 0.5777027027027027 0.01875 0.06756756756756757
4 0.95234375 0.5777027027027027 0.0140625 0.08783783783783784
2 0.7859375 0.5641891891891891 0.0140625 0.060810810810810814