5 0.6953125 0.7260416666666667 0.1859375 0.10625
2 0.2046875 0.7416666666666667 0.0859375 0.08125
2 0.22109375 0.696875 0.0640625 0.03333333333333333
2 0.2796875 0.715625 0.1125 0.06041666666666667
2 0.428125 0.725 0.11875 0.05625
5 0.07578125 0.6635416666666667 0.0984375 0.06666666666666667
2 0.35390625 0.71875 0.0625 0.04791666666666667
2 0.52890625 0.7322916666666667 0.1296875 0.0625
2 0.084375 0.7177083333333333 0.0875 0.04375
2 0.17421875 0.6895833333333333 0.0421875 0.014583333333333334
2 0.175 0.696875 0.0375 0.010416666666666666
2 0.03046875 0.7166666666666667 0.0578125 0.0625