2 0.75859375 0.4638671875 0.4828125 0.595703125
2 0.6984375 0.1591796875 0.140625 0.125
2 0.39296875 0.189453125 0.19375 0.21484375
2 0.61015625 0.1103515625 0.1234375 0.060546875
2 0.2828125 0.1552734375 0.103125 0.125
2 0.82734375 0.1513671875 0.25 0.099609375
2 0.2875 0.17578125 0.065625 0.158203125
2 0.52890625 0.103515625 0.0859375 0.03515625
2 0.509375 0.2236328125 0.3109375 0.212890625
2 0.49296875 0.0966796875 0.0546875 0.033203125
2 0.9703125 0.1494140625 0.059375 0.046875
5 0.27421875 0.1064453125 0.125 0.13671875