2 0.0871559633027523 0.5359375 0.11009174311926606 0.0734375
2 0.3830275229357798 0.53125 0.09403669724770643 0.0640625
2 0.6215596330275229 0.53359375 0.1720183486238532 0.0875
2 0.533256880733945 0.51484375 0.05504587155963303 0.0359375
2 0.17087155963302753 0.52421875 0.05504587155963303 0.0453125
2 0.2029816513761468 0.50859375 0.07339449541284404 0.046875
2 0.7454128440366973 0.52265625 0.02981651376146789 0.0484375
2 0.49426605504587157 0.4984375 0.034403669724770644 0.0171875
5 0.533256880733945 0.5140625 0.05504587155963303 0.0359375
5 0.8486238532110092 0.50546875 0.19036697247706422 0.1421875
2 0.3944954128440367 0.5 0.07339449541284404 0.03125
2 0.2901376146788991 0.54296875 0.18807339449541285 0.0828125
2 0.13188073394495411 0.52734375 0.06651376146788991 0.0578125