5 0.61875 0.23125 0.1703125 0.15
5 0.84609375 0.378125 0.1953125 0.20833333333333334
5 0.421875 0.13333333333333333 0.0640625 0.08125
5 0.34609375 0.09270833333333334 0.078125 0.08333333333333333
2 0.953125 0.6520833333333333 0.09375 0.1
2 0.715625 0.5291666666666667 0.1015625 0.08333333333333333
2 0.69375 0.4375 0.084375 0.075
2 0.465625 0.30625 0.0640625 0.052083333333333336
2 0.46875 0.27291666666666664 0.05 0.03958333333333333
2 0.37578125 0.18229166666666666 0.04375 0.04375
2 0.34140625 0.15208333333333332 0.0453125 0.0375
5 0.58359375 0.3260416666666667 0.10625 0.12083333333333333
5 0.7828125 0.434375 0.103125 0.07083333333333333
5 0.29609375 0.7677083333333333 0.109375 0.15208333333333332
5 0.1796875 0.47604166666666664 0.1078125 0.18125
5 0.06328125 0.5125 0.1046875 0.16458333333333333
5 0.11796875 0.203125 0.0578125 0.07916666666666666
5 0.01328125 0.1625 0.025 0.09791666666666667
2 0.08125 0.2604166666666667 0.040625 0.04375
2 0.14921875 0.271875 0.046875 0.06458333333333334
2 0.16953125 0.41875 0.0609375 0.06458333333333334
2 0.1625 0.36666666666666664 0.0515625 0.06458333333333334
1 0.134375 0.784375 0.2109375 0.43125
5 0.04609375 0.4125 0.0859375 0.12916666666666668
2 0.57109375 0.9854166666666667 0.103125 0.029166666666666667