2 0.50078125 0.544496487119438 0.765625 0.5784543325526932
2 0.159375 0.30327868852459017 0.2625 0.1920374707259953
2 0.33359375 0.24121779859484777 0.1453125 0.1053864168618267
2 0.75078125 0.24355971896955503 0.0859375 0.09836065573770492
4 0.05234375 0.5304449648711944 0.1046875 0.26229508196721313
1 0.1546875 0.14402810304449648 0.3 0.25995316159250587
4 0.0265625 0.30327868852459017 0.053125 0.16393442622950818
2 0.87578125 0.30679156908665106 0.2484375 0.18969555035128804
2 0.453125 0.2259953161592506 0.096875 0.0585480093676815
2 0.6875 0.25995316159250587 0.090625 0.11475409836065574
4 0.846875 0.4262295081967213 0.253125 0.1990632318501171
0 0.30703125 0.30679156908665106 0.053125 0.10772833723653395