1 0.74375 0.7652777777777777 0.4390625 0.24444444444444444
1 0.63671875 0.7083333333333334 0.3453125 0.17222222222222222
2 0.74765625 0.5430555555555555 0.015625 0.022222222222222223
2 0.7609375 0.5333333333333333 0.009375 0.019444444444444445
1 0.596875 0.6833333333333333 0.3171875 0.1638888888888889
2 0.28828125 0.5777777777777777 0.025 0.03333333333333333
2 0.78203125 0.5777777777777777 0.021875 0.03333333333333333
5 0.8375 0.9361111111111111 0.321875 0.10277777777777777
5 0.2640625 0.5569444444444445 0.04375 0.06388888888888888
2 0.24765625 0.5666666666666667 0.03125 0.041666666666666664
2 0.77109375 0.5319444444444444 0.0046875 0.022222222222222223
1 0.5234375 0.6430555555555556 0.3140625 0.15