2 0.49182242990654207 0.79453125 0.037383177570093455 0.025
2 0.5268691588785047 0.77265625 0.03271028037383177 0.0171875
2 0.6320093457943925 0.6765625 0.02102803738317757 0.0140625
2 0.6016355140186916 0.6515625 0.018691588785046728 0.0109375
2 0.6460280373831776 0.68203125 0.02102803738317757 0.0171875
2 0.7126168224299065 0.63125 0.016355140186915886 0.009375
2 0.7009345794392523 0.63671875 0.016355140186915886 0.009375
2 0.25116822429906543 0.89453125 0.053738317757009345 0.028125
2 0.6179906542056075 0.7140625 0.016355140186915886 0.0171875
2 0.7219626168224299 0.62421875 0.014018691588785047 0.009375
2 0.8504672897196262 0.70625 0.0514018691588785 0.015625
1 0.13200934579439252 0.95703125 0.09813084112149532 0.0859375