0 0.28671875 0.8360655737704918 0.0453125 0.1288056206088993
2 0.87109375 0.6967213114754098 0.2578125 0.28805620608899296
1 0.64375 0.3126463700234192 0.2046875 0.2810304449648712
2 0.440625 0.3372365339578454 0.053125 0.07962529274004684
2 0.47890625 0.3629976580796253 0.0671875 0.07259953161592506
2 0.64453125 0.8044496487119438 0.7015625 0.3583138173302108
2 0.41796875 0.32435597189695553 0.0171875 0.053864168618266976
2 0.415625 0.3149882903981265 0.0203125 0.04215456674473068
1 0.50703125 0.2681498829039813 0.0703125 0.1873536299765808
5 0.36015625 0.2927400468384075 0.053125 0.08899297423887588
2 0.46875 0.29156908665105385 0.0125 0.02576112412177986
2 0.4609375 0.2857142857142857 0.0109375 0.01873536299765808