2 0.7578125 0.7345559845559846 0.4703125 0.48455598455598453
2 0.58828125 0.5357142857142857 0.15625 0.0694980694980695
2 0.43359375 0.5328185328185329 0.1421875 0.05791505791505792
2 0.7515625 0.5424710424710425 0.153125 0.07528957528957529
2 0.23984375 0.5231660231660231 0.0640625 0.04826254826254826
2 0.1296875 0.5193050193050193 0.0625 0.04633204633204633
2 0.1546875 0.6167953667953668 0.2765625 0.27606177606177607
2 0.3046875 0.527992277992278 0.06875 0.052123552123552123
2 0.09453125 0.5125482625482626 0.03125 0.021235521235521235
2 0.471875 0.5144787644787645 0.0390625 0.019305019305019305
2 0.51875 0.5241312741312741 0.0421875 0.04247104247104247
2 0.68671875 0.5144787644787645 0.0296875 0.019305019305019305