0 0.47734375 0.8333333333333334 0.090625 0.10833333333333334
0 0.10078125 0.8805555555555555 0.18125 0.2388888888888889
1 0.103125 0.65 0.20625 0.28055555555555556
1 0.32578125 0.6333333333333333 0.125 0.06388888888888888
2 0.596875 0.6333333333333333 0.0515625 0.041666666666666664
2 0.95703125 0.6430555555555556 0.04375 0.07222222222222222
2 0.71796875 0.6208333333333333 0.05625 0.03333333333333333
2 0.89453125 0.6291666666666667 0.09375 0.06388888888888888
4 0.34375 0.8347222222222223 0.11875 0.175
4 0.2234375 0.7847222222222222 0.1078125 0.10555555555555556
4 0.746875 0.7125 0.065625 0.08333333333333333
4 0.534375 0.7791666666666667 0.05 0.1
4 0.5765625 0.7041666666666667 0.0265625 0.05555555555555555
4 0.90703125 0.7125 0.10625 0.09166666666666666
4 0.61796875 0.7444444444444445 0.0640625 0.10555555555555556
4 0.4078125 0.8069444444444445 0.0515625 0.11666666666666667
4 0.5921875 0.7083333333333334 0.0265625 0.027777777777777776
4 0.19140625 0.7416666666666667 0.021875 0.025
4 0.66796875 0.6597222222222222 0.046875 0.06111111111111111
4 0.69921875 0.6527777777777778 0.028125 0.041666666666666664