2 0.571875 0.7224824355971897 0.1859375 0.21311475409836064
2 0.83125 0.6908665105386417 0.0453125 0.0585480093676815
2 0.334375 0.6756440281030445 0.0546875 0.03981264637002342
2 0.296875 0.6791569086651054 0.040625 0.03278688524590164
2 0.4109375 0.6779859484777517 0.0375 0.02107728337236534
1 0.73515625 0.65807962529274 0.034375 0.04215456674473068
5 0.865625 0.6779859484777517 0.0328125 0.05152224824355972
5 0.6375 0.65807962529274 0.034375 0.04449648711943794
2 0.7078125 0.6850117096018735 0.0421875 0.05152224824355972
2 0.75859375 0.6686182669789227 0.0171875 0.0117096018735363
2 0.459375 0.6756440281030445 0.040625 0.02576112412177986
2 0.19375 0.6756440281030445 0.0375 0.0351288056206089
2 0.86640625 0.6861826697892272 0.0296875 0.03278688524590164
2 0.66796875 0.6721311475409836 0.025 0.0117096018735363
5 0.0984375 0.7131147540983607 0.196875 0.19672131147540983
2 0.4796875 0.6791569086651054 0.0203125 0.0234192037470726
5 0.80859375 0.6768149882903981 0.025 0.03747072599531616