2 0.6171875 0.49583333333333335 0.021875 0.020833333333333332
2 0.6390625 0.496875 0.034375 0.029166666666666667
2 0.6 0.49375 0.0125 0.016666666666666666
2 0.53203125 0.490625 0.0203125 0.020833333333333332
2 0.4421875 0.49583333333333335 0.015625 0.0125
2 0.40625 0.490625 0.0203125 0.020833333333333332
2 0.54765625 0.4947916666666667 0.0078125 0.00625
5 0.5796875 0.490625 0.03125 0.0375
2 0.01640625 0.5052083333333334 0.03125 0.07708333333333334
2 0.609375 0.49270833333333336 0.015625 0.01875
2 0.56015625 0.49270833333333336 0.0125 0.01875
2 0.49921875 0.81875 0.9984375 0.3625