2 0.9609375 0.9583333333333334 0.075 0.08333333333333333
2 0.4640625 0.8385416666666666 0.1109375 0.075
2 0.39296875 0.7958333333333333 0.0421875 0.04583333333333333
2 0.3640625 0.7583333333333333 0.0265625 0.027083333333333334
2 0.4484375 0.7520833333333333 0.025 0.027083333333333334
2 0.6078125 0.8635416666666667 0.103125 0.09791666666666667
2 0.4171875 0.7614583333333333 0.025 0.027083333333333334
2 0.3125 0.7864583333333334 0.0375 0.04791666666666667
2 0.40546875 0.7833333333333333 0.0359375 0.03958333333333333
2 0.40859375 0.7510416666666667 0.0234375 0.020833333333333332
2 0.43828125 0.728125 0.0171875 0.022916666666666665
2 0.40078125 0.7020833333333333 0.0171875 0.008333333333333333
2 0.421875 0.7114583333333333 0.0140625 0.016666666666666666