0 0.790625 0.278125 0.04375 0.022916666666666665
2 0.10390625 0.6572916666666667 0.2078125 0.65625
2 0.88984375 0.35625 0.2203125 0.15416666666666667
2 0.3484375 0.23541666666666666 0.190625 0.07291666666666667
4 0.47734375 0.35 0.15625 0.13333333333333333
4 0.50078125 0.24166666666666667 0.0484375 0.041666666666666664
4 0.94140625 0.25729166666666664 0.025 0.04375
0 0.1125 0.24895833333333334 0.071875 0.05
0 0.78515625 0.259375 0.01875 0.03125
2 0.76875 0.5552083333333333 0.4625 0.5416666666666666
4 0.18359375 0.25625 0.0765625 0.052083333333333336
4 0.70078125 0.23645833333333333 0.0203125 0.03333333333333333
4 0.56953125 0.23541666666666666 0.0375 0.05