0 0.8588785046728972 0.59375 0.2822429906542056 0.2453125
0 0.2523364485981308 0.46328125 0.07663551401869159 0.1296875
0 0.797196261682243 0.453125 0.25794392523364484 0.1109375
0 0.811214953271028 0.49375 0.2672897196261682 0.203125
0 0.6757009345794392 0.4390625 0.06355140186915888 0.021875
0 0.308411214953271 0.46875 0.10093457943925234 0.115625
0 0.03271028037383177 0.57890625 0.06355140186915888 0.1
0 0.9074766355140187 0.4046875 0.1102803738317757 0.05
0 0.6299065420560748 0.7515625 0.7401869158878505 0.496875
0 0.41495327102803736 0.45625 0.056074766355140186 0.075
0 0.9130841121495327 0.8984375 0.17383177570093458 0.1796875
0 0.5401869158878505 0.64921875 0.2523364485981308 0.2484375