2 0.33169934640522875 0.6723856209150327 0.12091503267973856 0.09640522875816994
2 0.4027777777777778 0.6658496732026143 0.06535947712418301 0.08006535947712418
2 0.5089869281045751 0.6593137254901961 0.06209150326797386 0.07026143790849673
2 0.5531045751633987 0.6568627450980392 0.03594771241830065 0.06372549019607843
2 0.7834967320261438 0.6544117647058824 0.03594771241830065 0.03758169934640523
1 0.6756535947712419 0.6527777777777778 0.19117647058823528 0.1503267973856209
1 0.8431372549019608 0.6388888888888888 0.05555555555555555 0.049019607843137254
2 0.46078431372549017 0.6625816993464052 0.07516339869281045 0.0718954248366013
2 0.5825163398692811 0.6503267973856209 0.0196078431372549 0.04738562091503268
2 0.1919934640522876 0.8366013071895425 0.3839869281045752 0.3202614379084967
2 0.5735294117647058 0.6584967320261438 0.021241830065359478 0.05065359477124183