2 0.90234375 0.5305555555555556 0.1953125 0.3138888888888889
2 0.64921875 0.4583333333333333 0.1609375 0.24722222222222223
2 0.42421875 0.4111111111111111 0.14375 0.25833333333333336
2 0.353125 0.36666666666666664 0.053125 0.1111111111111111
4 0.765625 0.7777777777777778 0.175 0.43333333333333335
4 0.32109375 0.5819444444444445 0.065625 0.225
4 0.24453125 0.49166666666666664 0.05625 0.1527777777777778
4 0.42578125 0.5916666666666667 0.0828125 0.2611111111111111
4 0.2078125 0.45694444444444443 0.034375 0.1388888888888889
4 0.17578125 0.4736111111111111 0.0375 0.13055555555555556
4 0.56015625 0.5625 0.0546875 0.2222222222222222
2 0.1359375 0.36527777777777776 0.046875 0.07777777777777778
2 0.32421875 0.33611111111111114 0.0234375 0.041666666666666664
2 0.1953125 0.3277777777777778 0.021875 0.030555555555555555
4 0.50546875 0.5333333333333333 0.065625 0.20555555555555555