2 0.10729166666666666 0.721875 0.2125 0.540625
2 0.3260416666666667 0.43984375 0.5041666666666667 0.415625
2 0.7395833333333334 0.27265625 0.19166666666666668 0.1296875
2 0.26875 0.22109375 0.15208333333333332 0.0453125
2 0.34270833333333334 0.22109375 0.125 0.05625
2 0.225 0.53515625 0.45 0.553125
2 0.09791666666666667 0.20859375 0.17708333333333334 0.0546875
2 0.6708333333333333 0.2859375 0.21666666666666667 0.1359375
2 0.7875 0.1234375 0.04791666666666667 0.0296875
2 0.415625 0.22578125 0.07083333333333333 0.053125
2 0.04583333333333333 0.234375 0.09166666666666666 0.0703125