2 0.91171875 0.7464212678936605 0.1609375 0.12883435582822086
1 0.66328125 0.6901840490797546 0.1953125 0.10429447852760736
1 0.39375 0.6942740286298569 0.1171875 0.06134969325153374
1 0.51015625 0.6860940695296524 0.121875 0.049079754601226995
2 0.81953125 0.7096114519427403 0.084375 0.07157464212678936
2 0.3125 0.7116564417177914 0.0453125 0.034764826175869123
2 0.515625 0.712678936605317 0.0953125 0.05112474437627812
2 0.1140625 0.7188139059304703 0.015625 0.03067484662576687
2 0.075 0.7157464212678937 0.0359375 0.026584867075664622
2 0.05390625 0.7157464212678937 0.0234375 0.026584867075664622
5 0.94140625 0.6615541922290389 0.0921875 0.10429447852760736
2 0.4375 0.7116564417177914 0.0734375 0.044989775051124746
2 0.87265625 0.7269938650306749 0.0890625 0.06339468302658487