1 0.196 0.47333333333333333 0.37 0.9466666666666667
0 0.963 0.612 0.056 0.112
0 0.753 0.5746666666666667 0.036 0.088
0 0.644 0.5533333333333333 0.026 0.064
0 0.544 0.5466666666666666 0.034 0.06933333333333333
2 0.619 0.524 0.03 0.048
2 0.512 0.508 0.016 0.021333333333333333
0 0.454 0.5466666666666666 0.014 0.06933333333333333
0 0.676 0.5506666666666666 0.028 0.064
0 0.479 0.54 0.024 0.05333333333333334
0 0.43 0.5253333333333333 0.02 0.042666666666666665
0 0.507 0.5226666666666666 0.004 0.018666666666666668
0 0.576 0.524 0.02 0.02666666666666667