2 0.903125 0.390625 0.0734375 0.08125
2 0.52578125 0.4166666666666667 0.1171875 0.125
2 0.6953125 0.38229166666666664 0.0625 0.08333333333333333
2 0.79140625 0.40520833333333334 0.153125 0.15416666666666667
2 0.5140625 0.378125 0.0765625 0.0625
4 0.3109375 0.5864583333333333 0.403125 0.3541666666666667
4 0.32578125 0.48020833333333335 0.08125 0.1875
5 0.20078125 0.346875 0.4015625 0.26666666666666666
5 0.4578125 0.359375 0.1125 0.1
2 0.88359375 0.37083333333333335 0.065625 0.07083333333333333
5 0.6734375 0.33229166666666665 0.028125 0.025