2 0.1359375 0.684375 0.271875 0.125
2 0.4234375 0.6739583333333333 0.2359375 0.12916666666666668
2 0.75390625 0.6510416666666666 0.159375 0.09583333333333334
4 0.1984375 0.853125 0.3921875 0.2875
4 0.925 0.7447916666666666 0.0953125 0.15625
4 0.38828125 0.33125 0.1625 0.29583333333333334
4 0.175 0.27291666666666664 0.35 0.3416666666666667
4 0.66796875 0.40208333333333335 0.1875 0.17916666666666667
4 0.90546875 0.4395833333333333 0.1421875 0.16041666666666668
4 0.45546875 0.4427083333333333 0.209375 0.11458333333333333
4 0.30703125 0.7979166666666667 0.2375 0.225
4 0.69375 0.7 0.215625 0.15625
2 0.70859375 0.4583333333333333 0.21875 0.09791666666666667