1 0.3703125 0.5081967213114754 0.2828125 0.41920374707259955
2 0.88828125 0.6159250585480094 0.125 0.18032786885245902
2 0.95859375 0.6229508196721312 0.08125 0.2154566744730679
2 0.6796875 0.5667447306791569 0.1390625 0.12177985948477751
2 0.0890625 0.8466042154566745 0.171875 0.30679156908665106
2 0.05859375 0.6756440281030445 0.109375 0.27400468384074944
2 0.0421875 0.5491803278688525 0.084375 0.10070257611241218
2 0.55859375 0.5807962529274004 0.0640625 0.0936768149882904
2 0.984375 0.6545667447306791 0.03125 0.16393442622950818
2 0.10625 0.4613583138173302 0.03125 0.03278688524590164
2 0.046875 0.5269320843091335 0.0921875 0.08899297423887588
2 0.63515625 0.5550351288056206 0.115625 0.14754098360655737
2 0.04921875 0.5058548009367682 0.0984375 0.09601873536299765
2 0.5265625 0.5772833723653396 0.053125 0.0936768149882904