0 0.36015625 0.78428927680798 0.05625 0.24688279301745636
2 0.37734375 0.4837905236907731 0.0515625 0.04738154613466334
2 0.72421875 0.5897755610972568 0.134375 0.15211970074812967
2 0.5078125 0.48129675810473815 0.0453125 0.06733167082294264
2 0.5484375 0.49875311720698257 0.0484375 0.06483790523690773
1 0.63984375 0.4401496259351621 0.1375 0.2743142144638404
0 0.27890625 0.49501246882793015 0.01875 0.04987531172069826
0 0.121875 0.529925187032419 0.04375 0.05486284289276808
2 0.0375 0.6945137157107232 0.075 0.3341645885286783
2 0.465625 0.42768079800498754 0.0125 0.02493765586034913
2 0.3078125 0.5174563591022444 0.03125 0.08728179551122195
2 0.43359375 0.5960099750623441 0.140625 0.20199501246882792