2 0.4140625 0.7260416666666667 0.0828125 0.0875
2 0.68984375 0.715625 0.08125 0.06458333333333334
2 0.21875 0.6989583333333333 0.0703125 0.03333333333333333
2 0.1515625 0.7020833333333333 0.0640625 0.0375
2 0.8484375 0.703125 0.05 0.035416666666666666
2 0.75 0.7072916666666667 0.05 0.03333333333333333
5 0.33671875 0.684375 0.1015625 0.10833333333333334
2 0.06640625 0.6947916666666667 0.040625 0.025
2 0.10390625 0.6989583333333333 0.015625 0.010416666666666666
2 0.1765625 0.6864583333333333 0.0203125 0.020833333333333332
2 0.26015625 0.703125 0.0390625 0.035416666666666666
2 0.03046875 0.7979166666666667 0.0609375 0.13541666666666666
2 0.81875 0.6958333333333333 0.034375 0.035416666666666666