2 0.359375 0.6197916666666666 0.3734375 0.35
2 0.5640625 0.46875 0.090625 0.13541666666666666
2 0.11328125 0.6114583333333333 0.2265625 0.29791666666666666
2 0.51875 0.41770833333333335 0.053125 0.07083333333333333
4 0.12578125 0.65625 0.178125 0.28958333333333336
1 0.34140625 0.415625 0.2921875 0.2916666666666667
2 0.496875 0.43125 0.03125 0.06875
2 0.59140625 0.39375 0.03125 0.0125
2 0.553125 0.3885416666666667 0.0515625 0.03333333333333333
1 0.14375 0.41041666666666665 0.1578125 0.20208333333333334
2 0.58046875 0.3697916666666667 0.015625 0.014583333333333334