1 0.6453125 0.6009389671361502 0.3 0.49295774647887325
1 0.41953125 0.562206572769953 0.1640625 0.20892018779342722
2 0.09140625 0.6854460093896714 0.1828125 0.19483568075117372
2 0.21953125 0.647887323943662 0.0875 0.12206572769953052
2 0.41796875 0.642018779342723 0.0859375 0.1643192488262911
2 0.8828125 0.6596244131455399 0.1515625 0.19014084507042253
4 0.88046875 0.7734741784037559 0.0984375 0.19718309859154928
4 0.96953125 0.8309859154929577 0.0578125 0.2746478873239437
2 0.325 0.6784037558685446 0.209375 0.24178403755868544
2 0.15078125 0.6056338028169014 0.0875 0.06572769953051644
2 0.15625 0.5727699530516432 0.0703125 0.023474178403755867
2 0.275 0.5692488262910798 0.0859375 0.03990610328638498
2 0.20859375 0.5903755868544601 0.053125 0.028169014084507043
2 0.03203125 0.5692488262910798 0.0640625 0.11971830985915492
2 0.23203125 0.562206572769953 0.04375 0.028169014084507043