2 0.359 0.9429429429429429 0.278 0.11411411411411411
2 0.54 0.9144144144144144 0.208 0.17117117117117117
2 0.418 0.8108108108108109 0.106 0.11711711711711711
2 0.701 0.9084084084084084 0.13 0.14414414414414414
2 0.882 0.9429429429429429 0.236 0.09309309309309309
2 0.554 0.7912912912912913 0.098 0.10510510510510511
2 0.509 0.7777777777777778 0.08 0.10510510510510511
2 0.419 0.6936936936936937 0.064 0.09309309309309309
2 0.486 0.7612612612612613 0.062 0.0990990990990991
2 0.46 0.7147147147147147 0.072 0.06906906906906907
2 0.41 0.6786786786786787 0.056 0.08708708708708708
2 0.355 0.5870870870870871 0.044 0.02702702702702703
2 0.28 0.5045045045045045 0.042 0.03003003003003003