2 0.14375 0.9785522788203753 0.01875 0.04289544235924933
2 0.125 0.8900804289544236 0.0171875 0.03753351206434316
2 0.1328125 0.9302949061662198 0.0171875 0.03753351206434316
2 0.63984375 0.9021447721179625 0.0296875 0.029490616621983913
2 0.51171875 0.9155495978552279 0.034375 0.04289544235924933
2 0.59921875 0.9571045576407506 0.0421875 0.040214477211796246
2 0.6390625 0.8739946380697051 0.0375 0.045576407506702415
2 0.5640625 0.9450402144772118 0.0296875 0.029490616621983913
2 0.7734375 0.8016085790884718 0.025 0.021447721179624665
2 0.8 0.789544235924933 0.025 0.024128686327077747
5 0.85234375 0.774798927613941 0.0484375 0.05630026809651475
2 0.546875 0.8967828418230563 0.0359375 0.03753351206434316
2 0.54140625 0.9222520107238605 0.0390625 0.045576407506702415