2 0.7671875 0.9637002341920374 0.11875 0.06557377049180328
2 0.77109375 0.9344262295081968 0.1046875 0.04215456674473068
2 0.96875 0.8782201405152225 0.0609375 0.053864168618266976
2 0.98828125 0.9168618266978923 0.0234375 0.04449648711943794
2 0.98125 0.8887587822014051 0.0375 0.04918032786885246
2 0.7203125 0.9285714285714286 0.0734375 0.04215456674473068
5 0.56328125 0.7857142857142857 0.09375 0.1451990632318501
5 0.646875 0.8032786885245902 0.0765625 0.12412177985948478
5 0.88671875 0.8114754098360656 0.0796875 0.07728337236533958
5 0.94609375 0.8056206088992974 0.046875 0.053864168618266976
5 0.1640625 0.572599531615925 0.0328125 0.0351288056206089
5 0.72265625 0.7985948477751756 0.075 0.117096018735363
2 0.66796875 0.8864168618266979 0.0609375 0.03747072599531616
2 0.7140625 0.9074941451990632 0.0859375 0.03747072599531616