2 0.33671875 0.3927083333333333 0.153125 0.12708333333333333
4 0.53359375 0.56875 0.3984375 0.24583333333333332
4 0.29296875 0.725 0.5859375 0.55
4 0.61640625 0.42291666666666666 0.2 0.11666666666666667
4 0.734375 0.46979166666666666 0.0828125 0.11875
4 0.40078125 0.740625 0.5640625 0.5145833333333333
4 0.57890625 0.4822916666666667 0.3015625 0.24583333333333332
4 0.60390625 0.45208333333333334 0.2453125 0.13541666666666666
4 0.64375 0.44375 0.2015625 0.19166666666666668
4 0.66484375 0.41875 0.16875 0.14791666666666667
4 0.7359375 0.3875 0.1359375 0.07916666666666666
4 0.78046875 0.4583333333333333 0.05 0.10833333333333334