0 0.839 0.31909547738693467 0.18 0.24623115577889448
0 0.714 0.40703517587939697 0.078 0.16080402010050251
0 0.829 0.8517587939698492 0.19 0.22613065326633167
0 0.813 0.8266331658291457 0.206 0.27386934673366836
0 0.671 0.75 0.066 0.23115577889447236
0 0.63 0.7123115577889447 0.046 0.17336683417085427
0 0.657 0.6934673366834171 0.114 0.16331658291457288
0 0.746 0.8115577889447236 0.136 0.29396984924623115
0 0.419 0.7638190954773869 0.198 0.31909547738693467
0 0.686 0.7248743718592965 0.14 0.1984924623115578
0 0.362 0.8304020100502513 0.32 0.25879396984924624
0 0.653 0.43090452261306533 0.046 0.12814070351758794
0 0.25 0.7085427135678392 0.07 0.1658291457286432