4 0.49921875 0.6004566210045662 0.25 0.541095890410959
4 0.06015625 0.6358447488584474 0.1140625 0.2602739726027397
4 0.03671875 0.6952054794520548 0.0703125 0.24429223744292236
4 0.059375 0.2945205479452055 0.0859375 0.2420091324200913
4 0.69921875 0.4646118721461187 0.2203125 0.4589041095890411
4 0.51328125 0.2420091324200913 0.0578125 0.12100456621004566
4 0.9140625 0.3219178082191781 0.171875 0.2853881278538813
4 0.7515625 0.271689497716895 0.11875 0.18949771689497716
4 0.82265625 0.3070776255707763 0.115625 0.2648401826484018
4 0.1875 0.3915525114155251 0.1609375 0.3561643835616438
4 0.571875 0.2522831050228311 0.0828125 0.1780821917808219