2 0.55625 0.6947674418604651 0.090625 0.10465116279069768
2 0.9515625 0.8968023255813954 0.096875 0.19767441860465115
2 0.3234375 0.6613372093023255 0.103125 0.08430232558139535
2 0.653125 0.6744186046511628 0.05 0.06686046511627906
2 0.9265625 0.7965116279069767 0.146875 0.16279069767441862
2 0.7015625 0.6511627906976745 0.0234375 0.03197674418604651
2 0.91640625 0.7107558139534884 0.140625 0.125
2 0.51796875 0.6497093023255814 0.0671875 0.06976744186046512
1 0.13984375 0.6119186046511628 0.278125 0.7383720930232558
2 0.7828125 0.6438953488372093 0.0109375 0.014534883720930232
2 0.8453125 0.7005813953488372 0.034375 0.06976744186046512
2 0.81640625 0.6526162790697675 0.03125 0.029069767441860465
2 0.6546875 0.6351744186046512 0.025 0.01744186046511628
2 0.86953125 0.6802325581395349 0.1140625 0.09011627906976744