2 0.4484375 0.9098360655737705 0.053125 0.053864168618266976
2 0.20703125 0.9028103044496487 0.0296875 0.03747072599531616
2 0.14765625 0.905152224824356 0.040625 0.05152224824355972
2 0.17890625 0.8969555035128806 0.0296875 0.02810304449648712
2 0.2390625 0.8981264637002342 0.0375 0.02810304449648712
2 0.3765625 0.9016393442622951 0.0375 0.03981264637002342
2 0.28359375 0.8946135831381733 0.05 0.0351288056206089
2 0.421875 0.9110070257611241 0.01875 0.03981264637002342
2 0.4171875 0.9074941451990632 0.028125 0.03981264637002342
2 0.39375 0.905152224824356 0.034375 0.03747072599531616
2 0.53828125 0.9121779859484778 0.053125 0.08196721311475409
2 0.63671875 0.9402810304449649 0.040625 0.09601873536299765