2 0.29375 0.6997663551401869 0.203125 0.1822429906542056
2 0.58046875 0.6939252336448598 0.1375 0.1425233644859813
2 0.43046875 0.6518691588785047 0.1140625 0.09579439252336448
1 0.7703125 0.5677570093457944 0.29375 0.17757009345794392
1 0.334375 0.5607476635514018 0.190625 0.08644859813084112
5 0.49765625 0.5619158878504673 0.1359375 0.15654205607476634
2 0.1734375 0.6565420560747663 0.1484375 0.1261682242990654
2 0.034375 0.6600467289719626 0.0671875 0.11214953271028037
5 0.8046875 0.7336448598130841 0.1859375 0.32009345794392524
5 0.09921875 0.616822429906542 0.1296875 0.10046728971962617
2 0.1015625 0.616822429906542 0.134375 0.10514018691588785