2 0.5100671140939598 0.734 0.28859060402684567 0.058
2 0.9345637583892618 0.763 0.13087248322147652 0.086
2 0.7751677852348994 0.653 0.1040268456375839 0.036
2 0.75 0.64 0.09060402684563758 0.052
2 0.7365771812080537 0.609 0.087248322147651 0.036
2 0.7751677852348994 0.688 0.1174496644295302 0.06
2 0.5167785234899329 0.669 0.1040268456375839 0.066
2 0.1912751677852349 0.739 0.15771812080536912 0.082
2 0.8942953020134228 0.746 0.17114093959731544 0.084
2 0.016778523489932886 0.776 0.03355704697986577 0.09
2 0.11073825503355705 0.756 0.18120805369127516 0.078
2 0.33221476510067116 0.713 0.09060402684563758 0.052
2 0.4211409395973154 0.601 0.08389261744966443 0.04