0 0.68515625 0.5442708333333334 0.0453125 0.052083333333333336
2 0.70078125 0.3385416666666667 0.0359375 0.049479166666666664
0 0.22265625 0.70703125 0.0265625 0.09635416666666667
2 0.43515625 0.5755208333333334 0.0421875 0.0703125
1 0.84921875 0.7421875 0.18125 0.3177083333333333
2 0.4546875 0.68359375 0.10625 0.13802083333333334
2 0.55078125 0.5963541666666666 0.0671875 0.08333333333333333
2 0.6234375 0.4166666666666667 0.04375 0.06770833333333333
2 0.528125 0.5260416666666666 0.0828125 0.0625
2 0.4515625 0.6158854166666666 0.0859375 0.036458333333333336
2 0.72265625 0.3528645833333333 0.0390625 0.052083333333333336