1 0.5765625 0.5063775510204082 0.646875 0.6403061224489796
2 0.21640625 0.4375 0.05625 0.05612244897959184
2 0.109375 0.4247448979591837 0.0765625 0.04081632653061224
2 0.08046875 0.4145408163265306 0.08125 0.03571428571428571
2 0.05703125 0.40433673469387754 0.071875 0.025510204081632654
2 0.0421875 0.350765306122449 0.021875 0.015306122448979591
2 0.08125 0.3737244897959184 0.0328125 0.03826530612244898
2 0.94765625 0.3647959183673469 0.0390625 0.025510204081632654
2 0.9078125 0.35586734693877553 0.0328125 0.03826530612244898
2 0.2015625 0.4030612244897959 0.04375 0.05612244897959184
2 0.04140625 0.3711734693877551 0.028125 0.030612244897959183
2 0.05859375 0.39158163265306123 0.0609375 0.02806122448979592
2 0.01640625 0.375 0.0234375 0.03316326530612245