2 0.1609375 0.6978764478764479 0.0640625 0.0637065637065637
2 0.02421875 0.7046332046332047 0.0484375 0.05405405405405406
2 0.20546875 0.6785714285714286 0.0390625 0.04247104247104247
2 0.125 0.6872586872586872 0.0359375 0.04826254826254826
1 0.47265625 0.5434362934362934 0.4328125 0.6602316602316602
2 0.1171875 0.6776061776061776 0.0265625 0.03474903474903475
2 0.03046875 0.694015444015444 0.0609375 0.04826254826254826
2 0.0296875 0.9005791505791506 0.059375 0.19884169884169883
2 0.15390625 0.665057915057915 0.0203125 0.009652509652509652
2 0.01171875 0.7326254826254827 0.0234375 0.052123552123552123
2 0.04140625 0.6776061776061776 0.0140625 0.021235521235521235