5 0.7875 0.36875 0.16875 0.2875
2 0.94609375 0.46770833333333334 0.1078125 0.17083333333333334
2 0.62109375 0.428125 0.1015625 0.08541666666666667
2 0.8859375 0.44895833333333335 0.0515625 0.10208333333333333
2 0.42421875 0.428125 0.0703125 0.05
2 0.38984375 0.42083333333333334 0.04375 0.03958333333333333
2 0.3109375 0.42604166666666665 0.075 0.05
2 0.14921875 0.440625 0.115625 0.09375
2 0.24375 0.42604166666666665 0.0671875 0.04583333333333333
2 0.91171875 0.446875 0.0625 0.12083333333333333
2 0.0515625 0.446875 0.1015625 0.11041666666666666
2 0.35859375 0.425 0.059375 0.04583333333333333
2 0.546875 0.421875 0.0390625 0.03125
2 0.88125 0.41770833333333335 0.0421875 0.03958333333333333