1 0.13203125 0.7125 0.0796875 0.08958333333333333
2 0.10234375 0.8322916666666667 0.0953125 0.0875
2 0.28359375 0.8 0.08125 0.09583333333333334
5 0.79453125 0.90625 0.4109375 0.15833333333333333
5 0.0375 0.7135416666666666 0.034375 0.04375
2 0.1828125 0.8104166666666667 0.0734375 0.06875
2 0.225 0.7583333333333333 0.0578125 0.03333333333333333
2 0.078125 0.7072916666666667 0.0296875 0.0375
2 0.23359375 0.7822916666666667 0.046875 0.05625
2 0.03828125 0.7625 0.0390625 0.06041666666666667
2 0.20546875 0.7489583333333333 0.0625 0.05
2 0.05703125 0.728125 0.0203125 0.04375
1 0.08359375 0.678125 0.0328125 0.022916666666666665
5 0.16171875 0.9635416666666666 0.29375 0.07291666666666667