2 0.90859375 0.765625 0.1671875 0.18125
2 0.0359375 0.8020833333333334 0.046875 0.035416666666666666
2 0.21796875 0.7958333333333333 0.0296875 0.027083333333333334
2 0.5375 0.7760416666666666 0.0359375 0.022916666666666665
2 0.24921875 0.7927083333333333 0.03125 0.022916666666666665
2 0.28828125 0.7895833333333333 0.0484375 0.027083333333333334
2 0.33203125 0.7916666666666666 0.0296875 0.01875
2 0.6828125 0.7708333333333334 0.0453125 0.01875
2 0.01640625 0.803125 0.0328125 0.0375
2 0.1875 0.8 0.028125 0.025
2 0.2671875 0.790625 0.0359375 0.029166666666666667
2 0.3546875 0.7885416666666667 0.0375 0.020833333333333332
2 0.76640625 0.7635416666666667 0.0328125 0.01875