2 0.4989406779661017 0.9546875 0.1016949152542373 0.059375
2 0.6557203389830508 0.959375 0.11864406779661017 0.0625
2 0.3156779661016949 0.93359375 0.0847457627118644 0.0515625
2 0.2870762711864407 0.875 0.059322033898305086 0.0390625
2 0.8824152542372882 0.96328125 0.10805084745762712 0.06875
2 0.663135593220339 0.88125 0.05508474576271186 0.0296875
2 0.6324152542372882 0.86953125 0.04449152542372881 0.025
2 0.5794491525423728 0.85859375 0.046610169491525424 0.0234375
2 0.7616525423728814 0.92890625 0.0826271186440678 0.0484375
2 0.538135593220339 0.8671875 0.046610169491525424 0.0296875
2 0.9438559322033898 0.96640625 0.059322033898305086 0.0671875
2 0.3559322033898305 0.94375 0.08686440677966102 0.0484375
2 0.10699152542372882 0.93203125 0.11652542372881355 0.021875