1 0.825 0.4672131147540984 0.1515625 0.11241217798594848
2 0.62265625 0.45433255269320844 0.0484375 0.03278688524590164
2 0.57421875 0.4566744730679157 0.071875 0.0234192037470726
2 0.48203125 0.4765807962529274 0.109375 0.07728337236533958
2 0.31875 0.45901639344262296 0.0453125 0.01873536299765808
2 0.3328125 0.4484777517564403 0.0453125 0.01639344262295082
2 0.2703125 0.4601873536299766 0.053125 0.01873536299765808
2 0.2296875 0.46604215456674475 0.059375 0.01639344262295082
2 0.66328125 0.45901639344262296 0.05 0.02107728337236534
2 0.34296875 0.4859484777517564 0.025 0.053864168618266976
2 0.0546875 0.44379391100702575 0.04375 0.01639344262295082
2 0.28359375 0.4519906323185012 0.0234375 0.01873536299765808
2 0.10234375 0.44730679156908665 0.0484375 0.01639344262295082
2 0.11953125 0.43911007025761123 0.0171875 0.01639344262295082