0 0.95 0.6051051051051051 0.1 0.24924924924924924
0 0.877 0.5645645645645646 0.056 0.15315315315315314
0 0.695 0.524024024024024 0.066 0.0960960960960961
0 0.639 0.5135135135135135 0.07 0.12312312312312312
0 0.716 0.46546546546546547 0.034 0.03303303303303303
0 0.944 0.509009009009009 0.07 0.11411411411411411
0 0.688 0.48348348348348347 0.076 0.04504504504504504
1 0.189 0.43243243243243246 0.214 0.2222222222222222
0 0.583 0.5015015015015015 0.052 0.09309309309309309
0 0.904 0.5045045045045045 0.046 0.0990990990990991
0 0.87 0.47297297297297297 0.056 0.03903903903903904