0 0.19296875 0.4694835680751174 0.371875 0.6126760563380281
0 0.93671875 0.7992957746478874 0.1265625 0.4014084507042254
0 0.9046875 0.4964788732394366 0.1875 0.8943661971830986
0 0.81875 0.4671361502347418 0.1875 0.5586854460093896
0 0.796875 0.5375586854460094 0.203125 0.4225352112676056
0 0.6953125 0.5481220657276995 0.0828125 0.3075117370892019
0 0.4890625 0.4424882629107981 0.0703125 0.19014084507042253
0 0.6125 0.4424882629107981 0.1078125 0.24882629107981222
0 0.3390625 0.4131455399061033 0.175 0.3568075117370892
0 0.6515625 0.45422535211267606 0.134375 0.2887323943661972
0 0.69375 0.4272300469483568 0.1734375 0.31690140845070425
0 0.8453125 0.5539906103286385 0.140625 0.42018779342723006
0 0.37109375 0.5046948356807511 0.0359375 0.20892018779342722