2 0.529 0.16865671641791044 0.142 0.10746268656716418
2 0.71 0.1582089552238806 0.166 0.1253731343283582
2 0.175 0.1701492537313433 0.074 0.05970149253731343
2 0.055 0.1791044776119403 0.096 0.05373134328358209
2 0.09 0.18208955223880596 0.064 0.03880597014925373
2 0.106 0.1791044776119403 0.056 0.05373134328358209
2 0.156 0.17164179104477612 0.086 0.0626865671641791
2 0.212 0.17164179104477612 0.058 0.0626865671641791
2 0.277 0.17761194029850746 0.05 0.0626865671641791
2 0.254 0.1701492537313433 0.084 0.07164179104477612
2 0.832 0.1582089552238806 0.206 0.14029850746268657
2 0.608 0.1701492537313433 0.064 0.10149253731343283