0 0.89375 0.43411764705882355 0.140625 0.3035294117647059
2 0.15859375 0.45529411764705885 0.3171875 0.43058823529411766
2 0.6046875 0.3811764705882353 0.209375 0.21176470588235294
4 0.459375 0.5470588235294118 0.58125 0.8329411764705882
4 0.9546875 0.3623529411764706 0.090625 0.05647058823529412
0 0.93671875 0.38588235294117645 0.1265625 0.2235294117647059
0 0.67421875 0.4611764705882353 0.1 0.1623529411764706
0 0.81796875 0.46941176470588236 0.2375 0.3811764705882353
0 0.05 0.6470588235294118 0.096875 0.26823529411764707
2 0.4296875 0.31411764705882356 0.1015625 0.042352941176470586
2 0.05859375 0.3070588235294118 0.1171875 0.07058823529411765
2 0.946875 0.3247058823529412 0.053125 0.02588235294117647