2 0.71171875 0.5258215962441315 0.0640625 0.07276995305164319
2 0.66640625 0.43779342723004694 0.04375 0.04929577464788732
2 0.396875 0.38497652582159625 0.0484375 0.04929577464788732
2 0.33125 0.392018779342723 0.0375 0.04929577464788732
2 0.6703125 0.3544600938967136 0.028125 0.03990610328638498
2 0.459375 0.33098591549295775 0.01875 0.023474178403755867
5 0.62890625 0.3392018779342723 0.0546875 0.12206572769953052
5 0.97109375 0.6948356807511737 0.05625 0.3685446009389671
5 0.4375 0.3086854460093897 0.0265625 0.056338028169014086
5 0.384375 0.3427230046948357 0.05 0.06807511737089202
5 0.46328125 0.2992957746478873 0.0203125 0.03990610328638498
5 0.4921875 0.29225352112676056 0.0140625 0.028169014084507043
5 0.73671875 0.4107981220657277 0.053125 0.06807511737089202
2 0.26796875 0.5352112676056338 0.065625 0.07746478873239436
2 0.43828125 0.34624413145539906 0.0234375 0.035211267605633804
2 0.48828125 0.31220657276995306 0.0125 0.01643192488262911