2 0.94609375 0.596875 0.1078125 0.11041666666666666
2 0.8859375 0.5395833333333333 0.0640625 0.08541666666666667
2 0.9234375 0.5197916666666667 0.0609375 0.075
2 0.96875 0.49583333333333335 0.05625 0.06041666666666667
2 0.03671875 0.6145833333333334 0.0734375 0.15833333333333333
2 0.07734375 0.53125 0.121875 0.05625
4 0.26484375 0.7708333333333334 0.0671875 0.14166666666666666
1 0.35 0.6177083333333333 0.440625 0.36875
1 0.671875 0.559375 0.2375 0.2520833333333333
1 0.81875 0.509375 0.08125 0.2
1 0.10390625 0.5729166666666666 0.065625 0.24166666666666667
2 0.98125 0.5354166666666667 0.0375 0.0375