0 0.6125 0.9156908665105387 0.3671875 0.1686182669789227
0 0.4828125 0.8360655737704918 0.19375 0.2107728337236534
0 0.3296875 0.8887587822014051 0.221875 0.18969555035128804
0 0.21171875 0.8583138173302107 0.1578125 0.2786885245901639
1 0.69296875 0.5608899297423887 0.5875 0.3395784543325527
0 0.103125 0.8594847775175644 0.0671875 0.15456674473067916
0 0.11171875 0.7857142857142857 0.184375 0.22716627634660422
0 0.5921875 0.832552693208431 0.1265625 0.10772833723653395
0 0.05 0.7482435597189696 0.08125 0.13817330210772832
0 0.8484375 0.9344262295081968 0.0984375 0.10772833723653395
0 0.13359375 0.680327868852459 0.0578125 0.0585480093676815
0 0.896875 0.9601873536299765 0.0796875 0.05152224824355972
0 0.3125 0.8255269320843092 0.1203125 0.13348946135831383
0 0.196875 0.8571428571428571 0.178125 0.2786885245901639