4 0.325 0.446135831381733 0.4453125 0.48243559718969553
4 0.55390625 0.44379391100702575 0.15 0.36768149882903983
4 0.6 0.36533957845433257 0.0765625 0.2529274004683841
4 0.628125 0.3477751756440281 0.075 0.22716627634660422
4 0.65234375 0.35362997658079626 0.0828125 0.1686182669789227
4 0.3015625 0.4566744730679157 0.603125 0.9133489461358314
4 0.8640625 0.3700234192037471 0.0375 0.0468384074941452
4 0.72578125 0.3477751756440281 0.059375 0.06791569086651054
4 0.55 0.5421545667447307 0.065625 0.20843091334894615
4 0.6828125 0.3594847775175644 0.04375 0.13817330210772832
4 0.80234375 0.3524590163934426 0.0265625 0.03747072599531616
4 0.81953125 0.3629976580796253 0.025 0.053864168618266976
4 0.7828125 0.3477751756440281 0.0359375 0.0468384074941452