2 0.31875 0.40520833333333334 0.2453125 0.16041666666666668
2 0.54140625 0.3072916666666667 0.090625 0.09791666666666667
2 0.91328125 0.49895833333333334 0.1671875 0.18125
2 0.1953125 0.3458333333333333 0.2046875 0.13333333333333333
2 0.04609375 0.3645833333333333 0.0921875 0.07916666666666666
2 0.77890625 0.375 0.2125 0.1125
5 0.4140625 0.22291666666666668 0.2375 0.18958333333333333
2 0.540625 0.2125 0.0515625 0.041666666666666664
2 0.559375 0.19791666666666666 0.078125 0.035416666666666666
2 0.08515625 0.29583333333333334 0.1703125 0.07083333333333333
2 0.17734375 0.22708333333333333 0.0953125 0.05416666666666667
2 0.6421875 0.2677083333333333 0.1359375 0.09583333333333334
2 0.24765625 0.253125 0.1203125 0.06041666666666667
5 0.63671875 0.16770833333333332 0.128125 0.06666666666666667
5 0.83203125 0.328125 0.2078125 0.11666666666666667
5 0.21953125 0.1625 0.096875 0.06875
5 0.5671875 0.13645833333333332 0.04375 0.027083333333333334
5 0.74765625 0.1625 0.04375 0.03125
5 0.5765625 0.7958333333333333 0.640625 0.3875