2 0.9109375 0.8072916666666666 0.175 0.1875
2 0.753125 0.8020833333333334 0.1640625 0.12291666666666666
2 0.51953125 0.75 0.046875 0.05625
2 0.34765625 0.7270833333333333 0.0453125 0.041666666666666664
2 0.40859375 0.7135416666666666 0.0265625 0.025
2 0.390625 0.7114583333333333 0.01875 0.020833333333333332
2 0.56328125 0.75625 0.05 0.075
5 0.66171875 0.7479166666666667 0.15625 0.16458333333333333
2 0.4765625 0.7395833333333334 0.046875 0.04791666666666667
2 0.35234375 0.6979166666666666 0.015625 0.014583333333333334
2 0.31875 0.721875 0.025 0.03125
2 0.38203125 0.70625 0.021875 0.027083333333333334
2 0.340625 0.6989583333333333 0.0203125 0.0125
2 0.27421875 0.6885416666666667 0.01875 0.016666666666666666