2 0.825 0.2795341098169717 0.025 0.03161397670549085
4 0.83671875 0.6189683860232945 0.05625 0.15806988352745424
4 0.1328125 0.4950083194675541 0.0234375 0.04492512479201331
1 0.496875 0.538269550748752 0.6328125 0.7254575707154742
2 0.83984375 0.18885191347753744 0.015625 0.013311148086522463
4 0.90625 0.2753743760399334 0.0078125 0.018302828618968387
1 0.86953125 0.28036605657237934 0.0703125 0.08818635607321132
1 0.95 0.18552412645590682 0.0390625 0.029950083194675542
5 0.81875 0.23627287853577372 0.0546875 0.08818635607321132
5 0.79609375 0.18552412645590682 0.0265625 0.03826955074875208
5 0.74921875 0.16638935108153077 0.046875 0.0632279534109817