0 0.6671875 0.775175644028103 0.08125 0.16627634660421545
2 0.30234375 0.7540983606557377 0.415625 0.24355971896955503
2 0.85234375 0.7072599531615925 0.2953125 0.3161592505854801
2 0.890625 0.6159250585480094 0.121875 0.1053864168618267
2 0.03046875 0.7517564402810304 0.0609375 0.12177985948477751
2 0.72109375 0.6065573770491803 0.040625 0.0585480093676815
1 0.47578125 0.5714285714285714 0.3671875 0.4168618266978923
0 0.1546875 0.8969555035128806 0.309375 0.20608899297423888
0 0.74453125 0.6686182669789227 0.0125 0.06088992974238876
0 0.11875 0.7353629976580797 0.0328125 0.07494145199063232
2 0.75234375 0.6264637002341921 0.05 0.06791569086651054
2 0.13984375 0.7330210772833724 0.028125 0.08899297423887588
2 0.696875 0.6346604215456675 0.040625 0.07494145199063232
0 0.840625 0.6451990632318502 0.0359375 0.04449648711943794
1 0.828125 0.5620608899297423 0.0265625 0.03981264637002342
0 0.5515625 0.8021077283372365 0.128125 0.2576112412177986