2 0.94765625 0.4979296066252588 0.1046875 0.11180124223602485
2 0.7828125 0.4730848861283644 0.0546875 0.053830227743271224
2 0.8734375 0.47101449275362317 0.1265625 0.09730848861283643
2 0.7546875 0.46790890269151136 0.0171875 0.037267080745341616
4 0.096875 0.6573498964803313 0.121875 0.20496894409937888
4 0.284375 0.593167701863354 0.0375 0.10144927536231885
4 0.528125 0.5755693581780539 0.0515625 0.13250517598343686
1 0.959375 0.4161490683229814 0.08125 0.053830227743271224
4 0.4203125 0.593167701863354 0.0390625 0.12422360248447205
4 0.246875 0.572463768115942 0.046875 0.12215320910973085
4 0.48828125 0.546583850931677 0.028125 0.09730848861283643
4 0.31796875 0.6024844720496895 0.05625 0.13871635610766045
4 0.390625 0.593167701863354 0.0265625 0.10559006211180125
4 0.509375 0.5631469979296067 0.0125 0.057971014492753624
4 0.59765625 0.5579710144927537 0.034375 0.10144927536231885
4 0.73671875 0.5745341614906833 0.0515625 0.15320910973084886
4 0.646875 0.5910973084886129 0.0515625 0.13250517598343686
4 0.7875 0.5745341614906833 0.0484375 0.11387163561076605