2 0.9046875 0.361598440545809 0.0890625 0.09746588693957114
2 0.48671875 0.26120857699805067 0.103125 0.06042884990253411
2 0.44765625 0.7709551656920078 0.19375 0.18518518518518517
2 0.5015625 0.6403508771929824 0.203125 0.1442495126705653
2 0.8625 0.2855750487329435 0.1015625 0.03898635477582846
2 0.96171875 0.2982456140350877 0.0765625 0.03508771929824561
5 0.8578125 0.5526315789473685 0.1859375 0.20077972709551656
2 0.8578125 0.543859649122807 0.2 0.20077972709551656
2 0.709375 0.36744639376218324 0.1015625 0.10916179337231968
2 0.79453125 0.27680311890838205 0.0640625 0.03508771929824561
2 0.709375 0.2797270955165692 0.096875 0.05458089668615984
5 0.759375 0.4239766081871345 0.1140625 0.1695906432748538
2 0.271875 0.2212475633528265 0.078125 0.02729044834307992
2 0.98203125 0.3284600389863548 0.0359375 0.029239766081871343