2 0.4655612244897959 0.936 0.9260204081632653 0.128
2 0.3354591836734694 0.844 0.6709183673469388 0.214
2 0.3864795918367347 0.787 0.7729591836734694 0.252
2 0.39158163265306123 0.569 0.7831632653061225 0.168
2 0.42091836734693877 0.501 0.8367346938775511 0.224
2 0.42091836734693877 0.665 0.8418367346938775 0.198
2 0.33418367346938777 0.127 0.6683673469387755 0.174
2 0.2971938775510204 0.328 0.5943877551020408 0.108
2 0.5943877551020408 0.959 0.798469387755102 0.082
2 0.3673469387755102 0.287 0.7346938775510204 0.156
2 0.29209183673469385 0.213 0.5739795918367347 0.092
2 0.24489795918367346 0.176 0.4897959183673469 0.11
2 0.32653061224489793 0.356 0.6530612244897959 0.084