2 0.8869395711500975 0.72578125 0.2222222222222222 0.51875
2 0.6081871345029239 0.240625 0.08966861598440545 0.04375
2 0.2719298245614035 0.2515625 0.029239766081871343 0.05625
4 0.6111111111111112 0.2625 0.04483430799220273 0.0515625
5 0.8908382066276803 0.26796875 0.21052631578947367 0.2046875
2 0.7241715399610137 0.22890625 0.031189083820662766 0.03125
5 0.7680311890838206 0.2625 0.09746588693957114 0.1515625
5 0.14814814814814814 0.2625 0.22807017543859648 0.125
4 0.6968810916179338 0.23359375 0.02729044834307992 0.03125
2 0.5497076023391813 0.25390625 0.031189083820662766 0.053125
2 0.6627680311890838 0.22890625 0.04678362573099415 0.0328125