2 0.09453125 0.40729166666666666 0.0234375 0.022916666666666665
1 0.53515625 0.44375 0.3515625 0.36041666666666666
1 0.31875 0.40625 0.103125 0.18958333333333333
2 0.1109375 0.37395833333333334 0.025 0.014583333333333334
1 0.0703125 0.3770833333333333 0.0234375 0.03958333333333333
5 0.09609375 0.39791666666666664 0.0203125 0.03958333333333333
5 0.02578125 0.43645833333333334 0.05 0.08958333333333333
2 0.17265625 0.3927083333333333 0.0203125 0.01875
2 0.00625 0.4864583333333333 0.0109375 0.03958333333333333
2 0.02578125 0.428125 0.0515625 0.07291666666666667
2 0.015625 0.459375 0.03125 0.058333333333333334
2 0.153125 0.38645833333333335 0.0125 0.0125
1 0.13515625 0.365625 0.0140625 0.016666666666666666