0 0.09921875 0.521875 0.1671875 0.13541666666666666
0 0.47890625 0.66875 0.1765625 0.17291666666666666
0 0.5484375 0.5583333333333333 0.2046875 0.17916666666666667
2 0.38828125 0.428125 0.1140625 0.041666666666666664
2 0.55546875 0.4395833333333333 0.146875 0.027083333333333334
2 0.18828125 0.42604166666666665 0.14375 0.03333333333333333
2 0.70703125 0.45208333333333334 0.034375 0.020833333333333332
5 0.83125 0.45729166666666665 0.0734375 0.035416666666666666
5 0.3734375 0.42916666666666664 0.0828125 0.0375
5 0.1890625 0.425 0.1375 0.035416666666666666
0 0.31796875 0.5677083333333334 0.3 0.17916666666666667