4 0.7875 0.7208333333333333 0.425 0.4479166666666667
4 0.09296875 0.640625 0.1828125 0.5375
4 0.246875 0.296875 0.165625 0.25833333333333336
4 0.08671875 0.3614583333333333 0.14375 0.29375
4 0.7703125 0.26145833333333335 0.128125 0.08333333333333333
4 0.39921875 0.4125 0.140625 0.275
4 0.54609375 0.31979166666666664 0.1234375 0.2625
4 0.76015625 0.4875 0.4796875 0.5083333333333333
4 0.49296875 0.24791666666666667 0.0484375 0.12708333333333333
4 0.0453125 0.43020833333333336 0.090625 0.24583333333333332
4 0.1171875 0.30416666666666664 0.23125 0.3145833333333333
4 0.35234375 0.271875 0.1453125 0.20208333333333334
4 0.41484375 0.2552083333333333 0.146875 0.13958333333333334