2 0.55859375 0.24355971896955503 0.0859375 0.1288056206088993
2 0.66328125 0.25878220140515223 0.084375 0.09133489461358314
2 0.81484375 0.2693208430913349 0.0609375 0.13114754098360656
2 0.76640625 0.25526932084309134 0.115625 0.13348946135831383
2 0.95859375 0.2962529274004684 0.0828125 0.17798594847775176
4 0.46015625 0.2611241217798595 0.025 0.07494145199063232
2 0.49921875 0.2259953161592506 0.0296875 0.04215456674473068
2 0.04453125 0.24355971896955503 0.0890625 0.13817330210772832
2 0.08984375 0.2529274004683841 0.028125 0.10772833723653395
2 0.9859375 0.32786885245901637 0.028125 0.1358313817330211
2 0.8890625 0.29859484777517564 0.10625 0.14754098360655737
2 0.165625 0.2423887587822014 0.059375 0.06791569086651054
2 0.22578125 0.23185011709601874 0.01875 0.0585480093676815
2 0.25546875 0.2224824355971897 0.0453125 0.06557377049180328