2 0.3125 0.9135416666666667 0.05625 0.041666666666666664
2 0.74375 0.915625 0.25625 0.03125
2 0.584375 0.9145833333333333 0.328125 0.041666666666666664
2 0.52890625 0.9145833333333333 0.0296875 0.029166666666666667
2 0.5921875 0.9145833333333333 0.046875 0.03958333333333333
2 0.78984375 0.9072916666666667 0.028125 0.03125
2 0.2796875 0.9083333333333333 0.025 0.025
2 0.35625 0.9125 0.0546875 0.04375
2 0.39375 0.9145833333333333 0.046875 0.035416666666666666
2 0.80546875 0.90625 0.0546875 0.04375
2 0.24296875 0.9114583333333334 0.0375 0.029166666666666667
2 0.4765625 0.9135416666666667 0.0359375 0.03333333333333333
2 0.42109375 0.9104166666666667 0.0265625 0.027083333333333334