1 0.63 0.8556547619047619 0.238 0.26785714285714285
1 0.756 0.5446428571428571 0.1 0.16071428571428573
2 0.202 0.9136904761904762 0.116 0.11607142857142858
2 0.099 0.8705357142857143 0.136 0.11011904761904762
2 0.229 0.7738095238095238 0.108 0.08333333333333333
2 0.164 0.7514880952380952 0.106 0.07738095238095238
2 0.102 0.7053571428571429 0.102 0.08333333333333333
2 0.458 0.9508928571428571 0.118 0.09821428571428571
2 0.492 0.7529761904761905 0.092 0.08630952380952381
2 0.474 0.6755952380952381 0.08 0.05952380952380952
2 0.459 0.6101190476190477 0.076 0.06547619047619048
2 0.108 0.6339285714285714 0.1 0.07142857142857142
2 0.036 0.8258928571428571 0.072 0.09226190476190477
2 0.368 0.8779761904761905 0.118 0.10714285714285714
2 0.354 0.78125 0.104 0.08630952380952381