2 0.221875 0.44479166666666664 0.121875 0.10416666666666667
2 0.29921875 0.42291666666666666 0.071875 0.075
2 0.43359375 0.39479166666666665 0.0359375 0.03125
2 0.68125 0.40520833333333334 0.08125 0.0375
2 0.96796875 0.425 0.0640625 0.12916666666666668
2 0.44296875 0.3885416666666667 0.0328125 0.03333333333333333
2 0.6421875 0.39479166666666665 0.06875 0.0375
2 0.58984375 0.390625 0.0171875 0.035416666666666666
2 0.584375 0.384375 0.0171875 0.035416666666666666
2 0.46640625 0.384375 0.01875 0.025
2 0.609375 0.3885416666666667 0.046875 0.041666666666666664