2 0.46015625 0.5104166666666666 0.190625 0.09166666666666666
2 0.65859375 0.509375 0.2015625 0.08125
2 0.89140625 0.5104166666666666 0.2171875 0.10208333333333333
2 0.3734375 0.5020833333333333 0.1140625 0.08333333333333333
2 0.18203125 0.5104166666666666 0.140625 0.07916666666666666
2 0.25546875 0.509375 0.065625 0.06666666666666667
2 0.06015625 0.515625 0.1203125 0.12291666666666666
2 0.56171875 0.48541666666666666 0.025 0.029166666666666667
2 0.59765625 0.478125 0.025 0.027083333333333334
2 0.30546875 0.49895833333333334 0.0484375 0.06458333333333334
5 0.36640625 0.5010416666666667 0.125 0.08333333333333333