2 0.9046875 0.5610526315789474 0.0421875 0.02736842105263158
2 0.74609375 0.5610526315789474 0.0453125 0.02736842105263158
2 0.41328125 0.5473684210526316 0.0484375 0.029473684210526315
2 0.05390625 0.5442105263157895 0.0421875 0.021052631578947368
2 0.096875 0.5484210526315789 0.0375 0.02526315789473684
2 0.86953125 0.56 0.0328125 0.023157894736842106
2 0.32578125 0.5452631578947369 0.0421875 0.029473684210526315
2 0.37109375 0.5494736842105263 0.0453125 0.023157894736842106
2 0.490625 0.5484210526315789 0.04375 0.016842105263157894
2 0.02578125 0.5410526315789473 0.0359375 0.02526315789473684
2 0.28359375 0.5484210526315789 0.0359375 0.02736842105263158
2 0.53125 0.5515789473684211 0.0484375 0.02736842105263158
2 0.5859375 0.5568421052631579 0.040625 0.02736842105263158