5 0.6625 0.7510416666666667 0.075 0.10208333333333333
2 0.5 0.76875 0.0953125 0.11041666666666666
2 0.375 0.775 0.1015625 0.09791666666666667
2 0.709375 0.76875 0.1125 0.09583333333333334
2 0.28515625 0.7645833333333333 0.0765625 0.09166666666666666
2 0.2265625 0.7864583333333334 0.115625 0.1
2 0.6140625 0.759375 0.034375 0.06458333333333334
2 0.60390625 0.7510416666666667 0.0375 0.05625
2 0.4140625 0.7614583333333333 0.0859375 0.09583333333333334
2 0.5703125 0.7447916666666666 0.021875 0.029166666666666667
2 0.79765625 0.753125 0.090625 0.10208333333333333
2 0.4515625 0.7447916666666666 0.03125 0.0625
5 0.5265625 0.7489583333333333 0.08125 0.10833333333333334
5 0.28984375 0.7645833333333333 0.084375 0.09375