0 0.709 0.5870870870870871 0.004 0.036036036036036036
2 0.496 0.8108108108108109 0.178 0.1921921921921922
2 0.136 0.8078078078078078 0.134 0.13813813813813813
2 0.263 0.7717717717717718 0.094 0.15315315315315314
2 0.307 0.7807807807807807 0.044 0.11411411411411411
2 0.329 0.7537537537537538 0.11 0.13513513513513514
2 0.4 0.7537537537537538 0.056 0.0960960960960961
2 0.567 0.6591591591591591 0.06 0.08108108108108109
2 0.606 0.6321321321321322 0.048 0.06906906906906907
2 0.188 0.7822822822822822 0.134 0.15615615615615616
2 0.541 0.6876876876876877 0.066 0.08408408408408409
2 0.755 0.5435435435435435 0.048 0.06006006006006006
2 0.823 0.527027027027027 0.048 0.05105105105105105
1 0.959 0.509009009009009 0.07 0.0990990990990991
2 0.009 0.8618618618618619 0.018 0.13513513513513514