4 0.34609375 0.6198910081743869 0.1046875 0.33242506811989103
4 0.17265625 0.6307901907356949 0.1703125 0.3896457765667575
4 0.08125 0.6444141689373297 0.0921875 0.2888283378746594
4 0.66640625 0.5912806539509536 0.0765625 0.24250681198910082
4 0.90234375 0.5722070844686649 0.0546875 0.18528610354223432
4 0.86015625 0.5735694822888283 0.0515625 0.2125340599455041
4 0.81796875 0.5817438692098093 0.0875 0.21798365122615804
4 0.5765625 0.6021798365122616 0.1234375 0.28337874659400547
4 0.4171875 0.5749318801089919 0.0359375 0.10626702997275204
4 0.76484375 0.5667574931880109 0.0546875 0.15258855585831063
4 0.7203125 0.5803814713896458 0.046875 0.19346049046321526
4 0.51484375 0.5708446866485014 0.0296875 0.08991825613079019
4 0.6171875 0.6049046321525886 0.0328125 0.11444141689373297