2 0.93515625 0.3086854460093897 0.084375 0.0892018779342723
2 0.87109375 0.30633802816901406 0.0484375 0.051643192488262914
2 0.815625 0.2992957746478873 0.0140625 0.018779342723004695
2 0.80390625 0.29577464788732394 0.0125 0.023474178403755867
4 0.3484375 0.5352112676056338 0.69375 0.8403755868544601
4 0.6453125 0.38615023474178406 0.340625 0.5305164319248826
4 0.2015625 0.9025821596244131 0.403125 0.19483568075117372
4 0.7265625 0.3415492957746479 0.0796875 0.14084507042253522
4 0.75 0.32981220657276994 0.0796875 0.17370892018779344
4 0.77890625 0.30633802816901406 0.0390625 0.07746478873239436
2 0.98359375 0.32511737089201875 0.0328125 0.14553990610328638
2 0.89921875 0.29577464788732394 0.0140625 0.018779342723004695
4 0.7625 0.32629107981220656 0.071875 0.17370892018779344