0 0.49140625 0.4647239263803681 0.06875 0.0705521472392638
4 0.27890625 0.6257668711656442 0.25625 0.5337423312883436
4 0.4140625 0.5567484662576687 0.146875 0.4570552147239264
4 0.51015625 0.5352760736196319 0.096875 0.4049079754601227
4 0.5890625 0.5245398773006135 0.1078125 0.3803680981595092
4 0.84296875 0.455521472392638 0.1703125 0.3773006134969325
4 0.95859375 0.4233128834355828 0.0671875 0.37423312883435583
4 0.7203125 0.49693251533742333 0.171875 0.32515337423312884
4 0.6734375 0.40950920245398775 0.1046875 0.1411042944785276
4 0.67578125 0.5843558282208589 0.0890625 0.2085889570552147
4 0.11875 0.6533742331288344 0.234375 0.6104294478527608