2 0.4421875 0.31979166666666664 0.215625 0.1375
2 0.5453125 0.31354166666666666 0.05625 0.07083333333333333
2 0.10859375 0.3385416666666667 0.20625 0.10833333333333334
2 0.1015625 0.809375 0.2 0.36041666666666666
0 0.28125 0.678125 0.3265625 0.54375
0 0.68984375 0.371875 0.0640625 0.15625
0 0.746875 0.371875 0.0921875 0.15625
0 0.7734375 0.3885416666666667 0.1 0.14375
0 0.81875 0.38125 0.075 0.16041666666666668
0 0.671875 0.36354166666666665 0.0625 0.16458333333333333
0 0.84453125 0.37395833333333334 0.03125 0.14583333333333334
4 0.08984375 0.3614583333333333 0.0765625 0.09791666666666667