4 0.46640625 0.6486111111111111 0.046875 0.1
4 0.4265625 0.6194444444444445 0.0296875 0.09722222222222222
4 0.3984375 0.6152777777777778 0.0171875 0.058333333333333334
4 0.3296875 0.6638888888888889 0.04375 0.09722222222222222
4 0.3671875 0.6069444444444444 0.0203125 0.044444444444444446
4 0.38125 0.6125 0.0109375 0.044444444444444446
4 0.29453125 0.5930555555555556 0.00625 0.027777777777777776
4 0.325 0.6125 0.05 0.044444444444444446
4 0.2859375 0.5916666666666667 0.0078125 0.027777777777777776
4 0.2359375 0.5847222222222223 0.00625 0.013888888888888888
4 0.27265625 0.5888888888888889 0.00625 0.019444444444444445