2 0.896 0.43243243243243246 0.208 0.15015015015015015
4 0.266 0.6501501501501501 0.386 0.4024024024024024
4 0.692 0.6996996996996997 0.48 0.4864864864864865
4 0.234 0.5255255255255256 0.02 0.0990990990990991
2 0.949 0.5045045045045045 0.102 0.16216216216216217
2 0.826 0.3933933933933934 0.084 0.06006006006006006
2 0.781 0.4339339339339339 0.022 0.06306306306306306
4 0.098 0.5765765765765766 0.196 0.12912912912912913
4 0.52 0.5405405405405406 0.086 0.08408408408408409
4 0.213 0.53003003003003 0.058 0.07507507507507508
2 0.72 0.43993993993993996 0.072 0.06306306306306306