2 0.9609375 0.7774936061381074 0.078125 0.11764705882352941
2 0.9296875 0.7033248081841432 0.0390625 0.05115089514066496
2 0.13515625 0.8491048593350383 0.1296875 0.16624040920716113
1 0.89765625 0.6739130434782609 0.021875 0.03580562659846547
2 0.8234375 0.6930946291560103 0.0359375 0.04603580562659847
2 0.80859375 0.6841432225063938 0.021875 0.03580562659846547
2 0.87109375 0.6841432225063938 0.0203125 0.020460358056265986
2 0.965625 0.6726342710997443 0.03125 0.030690537084398978
2 0.05703125 0.860613810741688 0.1140625 0.2506393861892583
2 0.796875 0.6828644501278772 0.009375 0.02557544757033248
1 0.53984375 0.7097186700767263 0.2328125 0.34782608695652173
1 0.70078125 0.6892583120204604 0.1109375 0.23529411764705882
2 0.3921875 0.7519181585677749 0.071875 0.061381074168797956
2 0.93046875 0.7352941176470589 0.028125 0.0741687979539642