5 0.94140625 0.6125 0.1171875 0.15833333333333333
5 0.66640625 0.5416666666666666 0.475 0.42916666666666664
2 0.34921875 0.6645833333333333 0.1625 0.11041666666666666
2 0.2234375 0.6645833333333333 0.0390625 0.06458333333333334
2 0.159375 0.6666666666666666 0.03125 0.04583333333333333
2 0.11875 0.6510416666666666 0.01875 0.01875
2 0.20625 0.6583333333333333 0.06875 0.075
2 0.28046875 0.6510416666666666 0.0859375 0.10416666666666667
2 0.13671875 0.65 0.0171875 0.025
2 0.096875 0.6427083333333333 0.0078125 0.01875
2 0.1546875 0.6510416666666666 0.0234375 0.027083333333333334