4 0.1854575163398693 0.6674836601307189 0.3709150326797386 0.3006535947712418
4 0.37254901960784315 0.6895424836601307 0.09967320261437909 0.17320261437908496
4 0.8733660130718954 0.6723856209150327 0.24183006535947713 0.1503267973856209
4 0.4305555555555556 0.6952614379084967 0.06535947712418301 0.12418300653594772
4 0.7263071895424836 0.696078431372549 0.07352941176470588 0.08496732026143791
4 0.5923202614379085 0.6977124183006536 0.042483660130718956 0.05718954248366013
4 0.6568627450980392 0.6952614379084967 0.06535947712418301 0.07026143790849673
4 0.6200980392156863 0.6968954248366013 0.032679738562091505 0.058823529411764705
4 0.4599673202614379 0.6936274509803921 0.09640522875816994 0.0915032679738562
4 0.684640522875817 0.7026143790849673 0.04084967320261438 0.06699346405228758
4 0.7344771241830066 0.7026143790849673 0.05718954248366013 0.07516339869281045
4 0.9656862745098039 0.6658496732026143 0.06862745098039216 0.049019607843137254