2 0.24765625 0.759375 0.15 0.09166666666666666
2 0.05078125 0.765625 0.0953125 0.08333333333333333
2 0.371875 0.7583333333333333 0.1328125 0.10208333333333333
2 0.14140625 0.7635416666666667 0.13125 0.09375
2 0.4609375 0.725 0.0203125 0.03333333333333333
2 0.56796875 0.7104166666666667 0.0171875 0.022916666666666665
5 0.51328125 0.7291666666666666 0.0875 0.08958333333333333
2 0.44765625 0.7208333333333333 0.0234375 0.027083333333333334
2 0.72265625 0.6989583333333333 0.0234375 0.0125
2 0.69609375 0.70625 0.021875 0.020833333333333332
2 0.5640625 0.7291666666666666 0.034375 0.04375