2 0.7572916666666667 0.1953125 0.04583333333333333 0.0578125
0 0.18020833333333333 0.31796875 0.07708333333333334 0.103125
4 0.709375 0.2609375 0.2125 0.06875
5 0.9614583333333333 0.13125 0.07708333333333334 0.1140625
0 0.746875 0.3890625 0.07708333333333334 0.0609375
2 0.8635416666666667 0.19453125 0.15625 0.1359375
4 0.6197916666666666 0.384375 0.44375 0.16875
4 0.80625 0.37890625 0.15 0.109375
4 0.771875 0.31796875 0.15416666666666667 0.078125
4 0.8416666666666667 0.3234375 0.04375 0.0609375
4 0.721875 0.24375 0.13541666666666666 0.0203125
4 0.7635416666666667 0.240625 0.19375 0.0828125
4 0.546875 0.46640625 0.6416666666666667 0.296875
4 0.4791666666666667 0.75078125 0.9583333333333334 0.459375
4 0.7302083333333333 0.28203125 0.21875 0.05
4 0.5447916666666667 0.353125 0.13541666666666666 0.040625
4 0.6614583333333334 0.24296875 0.08125 0.0390625