0 0.665625 0.66796875 0.17291666666666666 0.14375
0 0.8072916666666666 0.59609375 0.09583333333333334 0.0828125
0 0.721875 0.59765625 0.06875 0.0984375
0 0.7270833333333333 0.53046875 0.09375 0.0421875
0 0.865625 0.634375 0.06666666666666667 0.1109375
0 0.44583333333333336 0.66640625 0.14375 0.1453125
0 0.9395833333333333 0.62109375 0.1 0.1546875
2 0.871875 0.49140625 0.11666666666666667 0.0515625
2 0.24375 0.4890625 0.05625 0.0203125
5 0.6385416666666667 0.47265625 0.25625 0.090625
5 0.321875 0.48125 0.03333333333333333 0.0234375
5 0.8729166666666667 0.49140625 0.11666666666666667 0.053125
0 0.8947916666666667 0.5984375 0.05 0.053125
0 0.9822916666666667 0.60390625 0.035416666666666666 0.0453125
0 0.875 0.5671875 0.07083333333333333 0.0265625
0 0.9927083333333333 0.64140625 0.014583333333333334 0.05625