2 0.2234375 0.6074766355140186 0.0796875 0.10514018691588785
2 0.70078125 0.6121495327102804 0.0453125 0.1705607476635514
2 0.5125 0.5116822429906542 0.0375 0.04439252336448598
2 0.565625 0.5105140186915887 0.0453125 0.04906542056074766
2 0.59609375 0.4976635514018692 0.03125 0.04205607476635514
2 0.01875 0.6682242990654206 0.034375 0.14953271028037382
2 0.54765625 0.49649532710280375 0.0421875 0.0514018691588785
2 0.71015625 0.5397196261682243 0.0546875 0.08644859813084112
2 0.48046875 0.5198598130841121 0.034375 0.028037383177570093
2 0.58359375 0.5315420560747663 0.04375 0.02102803738317757
2 0.51015625 0.677570093457944 0.2078125 0.29205607476635514