2 0.3375 0.30074257425742573 0.065625 0.06188118811881188
2 0.253125 0.27970297029702973 0.05625 0.0594059405940594
2 0.46640625 0.3415841584158416 0.0390625 0.04702970297029703
2 0.2953125 0.2896039603960396 0.04375 0.054455445544554455
2 0.18828125 0.2660891089108911 0.065625 0.06435643564356436
2 0.14453125 0.24876237623762376 0.0859375 0.07178217821782178
2 0.21328125 0.23514851485148514 0.0703125 0.04207920792079208
1 0.1578125 0.6064356435643564 0.315625 0.6782178217821783
1 0.25234375 0.594059405940594 0.3890625 0.6039603960396039
1 0.36953125 0.5977722772277227 0.3609375 0.5792079207920792
1 0.47265625 0.5977722772277227 0.35625 0.5099009900990099
1 0.56640625 0.6101485148514851 0.359375 0.4975247524752475
1 0.640625 0.6126237623762376 0.3171875 0.400990099009901
1 0.71796875 0.6274752475247525 0.3171875 0.38366336633663367
1 0.71796875 0.5222772277227723 0.215625 0.1905940594059406
1 0.7796875 0.5346534653465347 0.26875 0.3292079207920792
1 0.89921875 0.5903465346534653 0.115625 0.19801980198019803
2 0.43046875 0.32054455445544555 0.0359375 0.04702970297029703
2 0.08515625 0.23886138613861385 0.0765625 0.06188118811881188
2 0.39609375 0.297029702970297 0.0546875 0.04702970297029703
2 0.025 0.21782178217821782 0.0484375 0.06683168316831684
1 0.71328125 0.5074257425742574 0.271875 0.2599009900990099
2 0.0453125 0.18811881188118812 0.0875 0.04950495049504951
2 0.06171875 0.14356435643564355 0.0375 0.0594059405940594