2 0.628125 0.9719710669077758 0.134375 0.05244122965641953
2 0.8375 0.9575045207956601 0.0546875 0.0325497287522604
2 0.74140625 0.9746835443037974 0.0609375 0.04701627486437613
2 0.93671875 0.9547920433996383 0.04375 0.0379746835443038
2 0.396875 0.9864376130198915 0.1546875 0.027124773960216998
2 0.96640625 0.9520795660036167 0.0328125 0.03074141048824593
2 0.81640625 0.9801084990958409 0.13125 0.039783001808318265
2 0.24921875 0.9909584086799277 0.1828125 0.018083182640144666
2 0.8953125 0.9312839059674503 0.0125 0.0108499095840868
4 0.909375 0.953887884267631 0.0109375 0.018083182640144666
2 0.88828125 0.9421338155515371 0.0359375 0.0216998191681736
2 0.91328125 0.930379746835443 0.015625 0.009041591320072333