2 0.4703125 0.9364583333333333 0.1140625 0.05625
2 0.36328125 0.9375 0.1171875 0.06041666666666667
2 0.57890625 0.9260416666666667 0.10625 0.04791666666666667
2 0.6578125 0.9177083333333333 0.059375 0.041666666666666664
2 0.846875 0.896875 0.015625 0.014583333333333334
2 0.428125 0.9177083333333333 0.05625 0.029166666666666667
5 0.23828125 0.9364583333333333 0.2015625 0.12291666666666666
2 0.89375 0.8927083333333333 0.0265625 0.014583333333333334
2 0.8078125 0.9010416666666666 0.06875 0.041666666666666664
2 0.74921875 0.9083333333333333 0.0578125 0.03333333333333333
2 0.24140625 0.9333333333333333 0.1953125 0.13125
2 0.9828125 0.8770833333333333 0.034375 0.016666666666666666