2 0.95546875 0.6229166666666667 0.053125 0.027083333333333334
2 0.978125 0.63125 0.04375 0.025
2 0.91640625 0.6197916666666666 0.04375 0.01875
2 0.47265625 0.5552083333333333 0.021875 0.020833333333333332
2 0.45 0.553125 0.015625 0.01875
2 0.42421875 0.5510416666666667 0.0234375 0.020833333333333332
2 0.4015625 0.5479166666666667 0.021875 0.020833333333333332
2 0.378125 0.5416666666666666 0.0171875 0.025
2 0.328125 0.5364583333333334 0.0203125 0.020833333333333332
2 0.34921875 0.5385416666666667 0.01875 0.020833333333333332
2 0.0640625 0.490625 0.025 0.029166666666666667
2 0.09296875 0.496875 0.01875 0.025
2 0.16640625 0.5114583333333333 0.0171875 0.020833333333333332
5 0.06484375 0.490625 0.0234375 0.029166666666666667
5 0.2421875 0.5208333333333334 0.01875 0.027083333333333334