2 0.6 0.8014018691588785 0.3015625 0.3411214953271028
2 0.54609375 0.6133177570093458 0.09375 0.10747663551401869
2 0.48671875 0.5759345794392523 0.090625 0.09579439252336448
2 0.5875 0.5455607476635514 0.0578125 0.04205607476635514
2 0.803125 0.5408878504672897 0.0375 0.053738317757009345
1 0.21484375 0.5829439252336449 0.403125 0.5747663551401869
0 0.95625 0.8107476635514018 0.0875 0.2967289719626168
0 0.896875 0.6915887850467289 0.0546875 0.14485981308411214
2 0.42890625 0.5537383177570093 0.0296875 0.06775700934579439
2 0.4734375 0.5408878504672897 0.075 0.053738317757009345
2 0.6296875 0.6285046728971962 0.1359375 0.04439252336448598