0 0.52265625 0.6721649484536083 0.69375 0.6412371134020619
2 0.09609375 0.34536082474226804 0.1 0.06391752577319587
2 0.06015625 0.354639175257732 0.096875 0.07216494845360824
0 0.08515625 0.38969072164948454 0.0109375 0.0288659793814433
2 0.184375 0.30515463917525776 0.025 0.026804123711340205
2 0.82265625 0.3216494845360825 0.0734375 0.030927835051546393
2 0.73984375 0.31443298969072164 0.0359375 0.0288659793814433
2 0.68125 0.30721649484536084 0.028125 0.016494845360824743
2 0.00859375 0.44742268041237115 0.015625 0.03917525773195876
2 0.1984375 0.30412371134020616 0.021875 0.024742268041237112
2 0.02890625 0.38969072164948454 0.0578125 0.10927835051546392
2 0.61875 0.30721649484536084 0.034375 0.018556701030927835
2 0.215625 0.29381443298969073 0.015625 0.020618556701030927
2 0.59375 0.3061855670103093 0.0328125 0.020618556701030927
2 0.15859375 0.31443298969072164 0.0640625 0.03711340206185567