2 0.909375 0.07276995305164319 0.146875 0.11267605633802817
2 0.75546875 0.08215962441314555 0.1921875 0.10328638497652583
4 0.515625 0.5328638497652582 0.0609375 0.14084507042253522
5 0.59453125 0.1056338028169014 0.184375 0.15492957746478872
4 0.37265625 0.5187793427230047 0.0328125 0.13615023474178403
4 0.815625 0.562206572769953 0.0484375 0.13380281690140844
4 0.60625 0.5387323943661971 0.0546875 0.12910798122065728
4 0.6734375 0.5492957746478874 0.0484375 0.1267605633802817
4 0.4375 0.5223004694835681 0.0703125 0.13849765258215962
4 0.27890625 0.5082159624413145 0.05 0.13615023474178403
4 0.14609375 0.49413145539906106 0.0609375 0.13615023474178403
2 0.52109375 0.06690140845070422 0.0265625 0.023474178403755867