4 0.66484375 0.478125 0.5328125 0.4083333333333333
2 0.915625 0.29270833333333335 0.16875 0.14791666666666667
2 0.76640625 0.26666666666666666 0.1 0.08958333333333333
2 0.69140625 0.24895833333333334 0.090625 0.07916666666666666
2 0.15390625 0.315625 0.23125 0.23125
2 0.87421875 0.21145833333333333 0.125 0.04375
2 0.253125 0.27395833333333336 0.1015625 0.14583333333333334
2 0.315625 0.21875 0.04375 0.05
2 0.58515625 0.23020833333333332 0.0359375 0.04375
2 0.62734375 0.23020833333333332 0.0703125 0.075
2 0.83203125 0.2864583333333333 0.1015625 0.12083333333333333
2 0.36640625 0.19791666666666666 0.0640625 0.035416666666666666
2 0.46875 0.20104166666666667 0.040625 0.035416666666666666
2 0.33203125 0.21145833333333333 0.0375 0.04375