1 0.5078125 0.7854166666666667 0.2 0.26666666666666666
2 0.16171875 0.8552083333333333 0.1234375 0.11041666666666666
2 0.23515625 0.8802083333333334 0.1390625 0.13958333333333334
2 0.40859375 0.8947916666666667 0.1453125 0.13125
2 0.34140625 0.84375 0.0421875 0.052083333333333336
2 0.71796875 0.8197916666666667 0.0265625 0.058333333333333334
2 0.9890625 0.81875 0.0203125 0.01875
2 0.95234375 0.8666666666666667 0.0953125 0.1
2 0.078125 0.8885416666666667 0.15625 0.11875
2 0.64375 0.8072916666666666 0.046875 0.04375
2 0.87890625 0.8229166666666666 0.084375 0.08958333333333333
2 0.928125 0.809375 0.025 0.020833333333333332
2 0.95078125 0.790625 0.0359375 0.014583333333333334
2 0.73515625 0.7791666666666667 0.0171875 0.008333333333333333