1 0.7328125 0.42036553524804177 0.534375 0.5796344647519582
2 0.08359375 0.5456919060052219 0.0890625 0.10966057441253264
2 0.3171875 0.5221932114882507 0.0921875 0.10182767624020887
2 0.25703125 0.5156657963446475 0.0625 0.0783289817232376
2 0.165625 0.5039164490861618 0.0390625 0.05483028720626632
2 0.1421875 0.49477806788511747 0.0296875 0.04699738903394256
2 0.13515625 0.48433420365535246 0.025 0.04177545691906005
2 0.225 0.5130548302872062 0.0421875 0.06005221932114883
2 0.19453125 0.5091383812010444 0.0390625 0.05221932114882506
2 0.12265625 0.47780678851174935 0.0234375 0.033942558746736295
2 0.08359375 0.4765013054830287 0.0265625 0.033942558746736295
2 0.103125 0.4725848563968668 0.0171875 0.02349869451697128
2 0.090625 0.4281984334203655 0.0109375 0.020887728459530026
2 0.07890625 0.41383812010443866 0.0078125 0.013054830287206266
1 0.075 0.42950391644908614 0.015625 0.02610966057441253