2 0.332 0.9461538461538461 0.196 0.1076923076923077
2 0.129 0.9415384615384615 0.202 0.07692307692307693
2 0.674 0.8830769230769231 0.048 0.04
2 0.253 0.8938461538461538 0.074 0.09230769230769231
2 0.389 0.8953846153846153 0.048 0.052307692307692305
2 0.439 0.9092307692307692 0.014 0.05846153846153846
2 0.467 0.9153846153846154 0.058 0.09538461538461539
2 0.766 0.9015384615384615 0.06 0.052307692307692305
2 0.904 0.9230769230769231 0.142 0.055384615384615386
2 0.665 0.943076923076923 0.13 0.09230769230769231
2 0.554 0.9076923076923077 0.062 0.04923076923076923
2 0.786 0.9307692307692308 0.074 0.08615384615384615
2 0.039 0.9692307692307692 0.078 0.06153846153846154