0 0.37265625 0.6063084112149533 0.1671875 0.2266355140186916
0 0.30078125 0.7207943925233645 0.2453125 0.12850467289719625
2 0.409375 0.3866822429906542 0.0703125 0.03271028037383177
2 0.4625 0.3866822429906542 0.015625 0.028037383177570093
2 0.0734375 0.3878504672897196 0.078125 0.035046728971962614
1 0.165625 0.37850467289719625 0.1421875 0.0514018691588785
1 0.403125 0.37616822429906543 0.125 0.04906542056074766
5 0.0734375 0.38901869158878505 0.0796875 0.037383177570093455
2 0.434375 0.3820093457943925 0.046875 0.035046728971962614
5 0.57421875 0.37850467289719625 0.0671875 0.04906542056074766
5 0.43515625 0.38317757009345793 0.0484375 0.035046728971962614
0 0.19453125 0.6728971962616822 0.1609375 0.16121495327102803
2 0.77421875 0.3796728971962617 0.0125 0.03271028037383177
2 0.5328125 0.3691588785046729 0.0328125 0.02336448598130841
5 0.49140625 0.3808411214953271 0.0671875 0.037383177570093455
0 0.5296875 0.6880841121495327 0.034375 0.07710280373831775
2 0.48671875 0.3796728971962617 0.065625 0.0397196261682243