0 0.437 0.936 0.638 0.10666666666666667
0 0.524 0.5733333333333334 0.288 0.128
0 0.507 0.5546666666666666 0.27 0.06666666666666667
0 0.458 0.7866666666666666 0.568 0.21866666666666668
0 0.399 0.7386666666666667 0.11 0.056
0 0.498 0.6213333333333333 0.384 0.08266666666666667
0 0.417 0.6853333333333333 0.33 0.104
4 0.092 0.752 0.184 0.4746666666666667
4 0.949 0.42 0.044 0.12266666666666666
0 0.516 0.6973333333333334 0.268 0.10133333333333333
0 0.453 0.54 0.158 0.08533333333333333
0 0.529 0.45066666666666666 0.222 0.12533333333333332
0 0.707 0.8453333333333334 0.338 0.27466666666666667
0 0.574 0.5053333333333333 0.122 0.072
4 0.264 0.564 0.196 0.2906666666666667
4 0.268 0.392 0.134 0.11466666666666667
4 0.172 0.744 0.128 0.4
4 0.131 0.48933333333333334 0.164 0.14666666666666667
4 0.156 0.4106666666666667 0.104 0.10133333333333333
4 0.399 0.39866666666666667 0.06 0.06933333333333333
4 0.424 0.3506666666666667 0.056 0.09866666666666667
4 0.839 0.348 0.026 0.064
4 0.561 0.38266666666666665 0.15 0.06666666666666667
4 0.792 0.35333333333333333 0.032 0.08266666666666667
0 0.643 0.34933333333333333 0.034 0.05333333333333334
4 0.353 0.416 0.104 0.12533333333333332