2 0.53203125 0.37557603686635943 0.2828125 0.2557603686635945
2 0.8609375 0.38018433179723504 0.278125 0.2857142857142857
4 0.77109375 0.25460829493087556 0.06875 0.05069124423963134
4 0.278125 0.3663594470046083 0.1546875 0.16129032258064516
4 0.0953125 0.43202764976958524 0.190625 0.17972350230414746
4 0.37734375 0.3087557603686636 0.053125 0.08986175115207373
4 0.81640625 0.23847926267281105 0.0421875 0.041474654377880185
4 0.31796875 0.3029953917050691 0.0796875 0.09216589861751152
4 0.984375 0.21313364055299538 0.021875 0.029953917050691243
2 0.48984375 0.29147465437788017 0.196875 0.14746543778801843
5 0.49140625 0.2868663594470046 0.1890625 0.14746543778801843