4 0.6609375 0.34787735849056606 0.125 0.21226415094339623
4 0.52421875 0.6285377358490566 0.36875 0.36556603773584906
4 0.79609375 0.3007075471698113 0.2234375 0.25235849056603776
4 0.43046875 0.7889150943396226 0.8578125 0.39858490566037735
4 0.5671875 0.3455188679245283 0.128125 0.18632075471698112
4 0.68828125 0.24410377358490565 0.0640625 0.054245283018867926
4 0.4625 0.27240566037735847 0.065625 0.11084905660377359
4 0.37421875 0.18396226415094338 0.0375 0.04481132075471698
4 0.3578125 0.27358490566037735 0.06875 0.14622641509433962
4 0.2171875 0.5778301886792453 0.434375 0.39622641509433965
4 0.91796875 0.7582547169811321 0.1640625 0.45047169811320753
4 0.909375 0.44221698113207547 0.18125 0.2169811320754717
5 0.93984375 0.12853773584905662 0.103125 0.11556603773584906
4 0.54140625 0.23113207547169812 0.059375 0.0589622641509434