0 0.165625 0.9098360655737705 0.1453125 0.14285714285714285
2 0.83359375 0.752927400468384 0.034375 0.02576112412177986
2 0.68828125 0.7669789227166276 0.0796875 0.03747072599531616
2 0.35625 0.7576112412177985 0.0421875 0.02810304449648712
2 0.246875 0.7576112412177985 0.046875 0.02576112412177986
2 0.5546875 0.7669789227166276 0.071875 0.04215456674473068
2 0.08828125 0.7646370023419203 0.0515625 0.02576112412177986
2 0.9765625 0.7482435597189696 0.0421875 0.0234192037470726
2 0.6234375 0.7669789227166276 0.03125 0.03747072599531616
5 0.9140625 0.7412177985948478 0.0671875 0.04449648711943794
2 0.1125 0.7634660421545667 0.0296875 0.0234192037470726
2 0.978125 0.7576112412177985 0.0109375 0.00702576112412178
5 0.5765625 0.747072599531616 0.0296875 0.03278688524590164