2 0.236 0.1437125748502994 0.322 0.1467065868263473
2 0.313 0.12425149700598802 0.252 0.15269461077844312
2 0.606 0.1377245508982036 0.318 0.19461077844311378
2 0.057 0.12425149700598802 0.09 0.0718562874251497
2 0.797 0.12275449101796407 0.05 0.07784431137724551
2 0.762 0.11526946107784432 0.04 0.1377245508982036
2 0.893 0.11976047904191617 0.042 0.05688622754491018
2 0.95 0.12874251497005987 0.1 0.05688622754491018
2 0.401 0.1092814371257485 0.098 0.09580838323353294
2 0.021 0.13023952095808383 0.042 0.07784431137724551
2 0.441 0.08832335329341318 0.052 0.03293413173652695
2 0.855 0.11826347305389222 0.066 0.05688622754491018