2 0.86015625 0.503125 0.034375 0.09166666666666666
4 0.94296875 0.6052083333333333 0.1140625 0.3104166666666667
4 0.8796875 0.5385416666666667 0.0546875 0.1
0 0.775 0.5333333333333333 0.04375 0.09166666666666666
0 0.66796875 0.546875 0.0890625 0.11666666666666667
0 0.3015625 0.5791666666666667 0.3453125 0.24791666666666667
5 0.74375 0.4875 0.1328125 0.15208333333333332
2 0.53671875 0.5083333333333333 0.203125 0.15208333333333332
2 0.91015625 0.4666666666666667 0.034375 0.03333333333333333
4 0.1078125 0.5604166666666667 0.171875 0.19375
4 0.8203125 0.5354166666666667 0.0640625 0.12708333333333333