2 0.4359375 0.91875 0.234375 0.13958333333333334
1 0.475 0.6072916666666667 0.2421875 0.39375
1 0.7390625 0.6239583333333333 0.409375 0.40625
2 0.1015625 0.27395833333333336 0.025 0.04583333333333333
1 0.15234375 0.29375 0.0890625 0.15625
1 0.5609375 0.159375 0.1703125 0.06875
1 0.32734375 0.34791666666666665 0.228125 0.19791666666666666
1 0.0625 0.19479166666666667 0.071875 0.10416666666666667
5 0.04765625 0.3333333333333333 0.0765625 0.14583333333333334
2 0.015625 0.15729166666666666 0.028125 0.029166666666666667
5 0.70234375 0.16458333333333333 0.06875 0.04791666666666667
5 0.83125 0.090625 0.075 0.03333333333333333
2 0.078125 0.24583333333333332 0.0546875 0.07291666666666667
2 0.1796875 0.5375 0.109375 0.13333333333333333
1 0.20859375 0.16875 0.2015625 0.09791666666666667