2 0.2788235294117647 0.546875 0.058823529411764705 0.025
2 0.5058823529411764 0.56484375 0.23294117647058823 0.0734375
2 0.58 0.565625 0.17411764705882352 0.0515625
2 0.648235294117647 0.565625 0.13647058823529412 0.053125
2 0.05058823529411765 0.5421875 0.1011764705882353 0.05
2 0.7047058823529412 0.5703125 0.08941176470588236 0.0359375
2 0.40588235294117647 0.571875 0.11058823529411765 0.0578125
2 0.2964705882352941 0.57265625 0.06823529411764706 0.05
2 0.024705882352941175 0.52578125 0.04941176470588235 0.015625
2 0.7258823529411764 0.56328125 0.07058823529411765 0.0453125
2 0.3176470588235294 0.54609375 0.02823529411764706 0.0125