2 0.2640625 0.8875 0.13125 0.225
2 0.5171875 0.5395833333333333 0.1125 0.06875
2 0.55859375 0.58125 0.1 0.08333333333333333
2 0.64375 0.534375 0.08125 0.06041666666666667
2 0.328125 0.50625 0.0640625 0.06041666666666667
2 0.52578125 0.43020833333333336 0.0578125 0.035416666666666666
2 0.47890625 0.41458333333333336 0.059375 0.03125
2 0.434375 0.45416666666666666 0.0546875 0.04375
2 0.37578125 0.48125 0.0640625 0.05
2 0.98359375 0.39375 0.0328125 0.022916666666666665
2 0.98671875 0.43333333333333335 0.0265625 0.041666666666666664