1 0.38333333333333336 0.85234375 0.45416666666666666 0.221875
2 0.27395833333333336 0.94453125 0.28958333333333336 0.1109375
2 0.7 0.92109375 0.125 0.065625
2 0.8427083333333333 0.9296875 0.14166666666666666 0.0703125
2 0.9666666666666667 0.90859375 0.06666666666666667 0.04375
2 0.8947916666666667 0.91171875 0.09375 0.0546875
2 0.7895833333333333 0.8921875 0.035416666666666666 0.01875
2 0.05 0.93359375 0.1 0.0765625
2 0.9229166666666667 0.89765625 0.041666666666666664 0.025
2 0.70625 0.88828125 0.08125 0.0203125
2 0.64375 0.88671875 0.025 0.0234375