2 0.26145833333333335 0.59375 0.28958333333333336 0.1125
2 0.052083333333333336 0.609375 0.10416666666666667 0.065625
2 0.6260416666666667 0.56640625 0.075 0.028125
2 0.41354166666666664 0.58125 0.13541666666666666 0.0484375
2 0.9729166666666667 0.60390625 0.05416666666666667 0.0921875
2 0.05416666666666667 0.5828125 0.10833333333333334 0.0390625
5 0.25833333333333336 0.59375 0.29791666666666666 0.115625
5 0.7135416666666666 0.56640625 0.07916666666666666 0.0578125
1 0.7395833333333334 0.53125 0.10833333333333334 0.0203125
2 0.4979166666666667 0.56953125 0.08541666666666667 0.0390625
2 0.5645833333333333 0.56640625 0.06458333333333334 0.034375
1 0.11875 0.5375 0.12916666666666668 0.053125