2 0.7296875 0.5927083333333333 0.0875 0.05416666666666667
4 0.30078125 0.8645833333333334 0.1921875 0.26458333333333334
4 0.1484375 0.7885416666666667 0.0984375 0.22291666666666668
2 0.6390625 0.6125 0.0796875 0.052083333333333336
2 0.8078125 0.6 0.1171875 0.06458333333333334
2 0.496875 0.5614583333333333 0.053125 0.014583333333333334
4 0.396875 0.6895833333333333 0.0859375 0.12291666666666666
4 0.7203125 0.7270833333333333 0.08125 0.14791666666666667
4 0.22578125 0.6916666666666667 0.0734375 0.08958333333333333
4 0.02578125 0.6041666666666666 0.046875 0.08958333333333333
2 0.49296875 0.5760416666666667 0.0578125 0.0125
2 0.36796875 0.5625 0.034375 0.029166666666666667
4 0.54921875 0.7895833333333333 0.1125 0.18333333333333332
2 0.44765625 0.5572916666666666 0.0484375 0.027083333333333334