2 0.83828125 0.34501061571125263 0.06875 0.08067940552016985
2 0.84453125 0.2494692144373673 0.0546875 0.055201698513800426
2 0.740625 0.20382165605095542 0.053125 0.036093418259023353
2 0.62109375 0.1740976645435244 0.04375 0.029723991507430998
1 0.47578125 0.45329087048832273 0.5609375 0.40976645435244163
2 0.54609375 0.15392781316348195 0.0375 0.029723991507430998
2 0.5125 0.14968152866242038 0.0328125 0.029723991507430998
2 0.46953125 0.14861995753715498 0.0203125 0.025477707006369428
2 0.42265625 0.1337579617834395 0.0375 0.027600849256900213
4 0.6984375 0.19532908704883228 0.015625 0.025477707006369428
2 0.4890625 0.14012738853503184 0.021875 0.01910828025477707
5 0.4359375 0.15180467091295116 0.021875 0.027600849256900213