0 0.5366748166259169 0.724 0.6919315403422983 0.404
0 0.2823960880195599 0.536 0.254278728606357 0.144
2 0.8007334963325183 0.382 0.14425427872860636 0.04
0 0.06356968215158924 0.393 0.07090464547677261 0.062
0 0.1552567237163814 0.414 0.1271393643031785 0.086
0 0.49877750611246946 0.407 0.022004889975550123 0.04
5 0.02567237163814181 0.364 0.05134474327628362 0.034
0 0.8814180929095354 0.578 0.23471882640586797 0.166
0 0.8948655256723717 0.526 0.10757946210268948 0.076
0 0.8092909535452323 0.467 0.16136919315403422 0.102
0 0.29095354523227385 0.477 0.15892420537897312 0.116
2 0.2396088019559902 0.366 0.06845965770171149 0.032