2 0.949648711943794 0.7 0.09836065573770492 0.1921875
2 0.8091334894613583 0.50078125 0.17330210772833723 0.0984375
2 0.04566744730679157 0.5765625 0.08430913348946135 0.140625
2 0.06557377049180328 0.51484375 0.12646370023419204 0.0609375
2 0.06440281030444965 0.475 0.10070257611241218 0.025
2 0.9192037470725996 0.6703125 0.11241217798594848 0.165625
1 0.4274004683840749 0.4765625 0.5784543325526932 0.671875
2 0.7716627634660421 0.4015625 0.13817330210772832 0.0453125
2 0.11826697892271663 0.4359375 0.02576112412177986 0.0265625
2 0.9718969555035128 0.73984375 0.05152224824355972 0.1515625
2 0.7716627634660421 0.4234375 0.1288056206088993 0.0421875
2 0.797423887587822 0.44765625 0.12412177985948478 0.04375
2 0.03161592505854801 0.6 0.06323185011709602 0.1765625
2 0.9379391100702577 0.62265625 0.12412177985948478 0.0828125