2 0.09453125 0.5885416666666666 0.1890625 0.225
2 0.709375 0.5416666666666666 0.04375 0.05
2 0.38203125 0.54375 0.05625 0.05625
2 0.50390625 0.5354166666666667 0.03125 0.03125
2 0.54375 0.5385416666666667 0.0421875 0.04375
2 0.41484375 0.5427083333333333 0.03125 0.035416666666666666
2 0.69453125 0.53125 0.0421875 0.05
2 0.66953125 0.5322916666666667 0.0234375 0.03958333333333333
2 0.46953125 0.53125 0.015625 0.03125
5 0.09609375 0.5895833333333333 0.1890625 0.23958333333333334
2 0.98671875 0.54375 0.0265625 0.08958333333333333
2 0.66328125 0.5270833333333333 0.0296875 0.03958333333333333
2 0.56640625 0.5322916666666667 0.015625 0.03125
5 0.44453125 0.528125 0.0390625 0.04583333333333333
2 0.4359375 0.5364583333333334 0.0328125 0.03958333333333333