2 0.26796875 0.8079625292740047 0.0234375 0.0234192037470726
2 0.28046875 0.8360655737704918 0.025 0.02810304449648712
2 0.29453125 0.8758782201405152 0.025 0.03747072599531616
2 0.32265625 0.8992974238875878 0.03125 0.0351288056206089
2 0.23046875 0.8536299765807962 0.0265625 0.03044496487119438
2 0.24296875 0.832552693208431 0.021875 0.02810304449648712
2 0.225 0.7939110070257611 0.0203125 0.03044496487119438
2 0.37265625 0.7634660421545667 0.01875 0.02576112412177986
2 0.21015625 0.7798594847775175 0.015625 0.01873536299765808
2 0.23046875 0.8149882903981265 0.0203125 0.02576112412177986
2 0.246875 0.7915690866510539 0.01875 0.02107728337236534
2 0.2015625 0.8056206088992974 0.0234375 0.02810304449648712
2 0.275 0.8981264637002342 0.028125 0.03278688524590164