2 0.654 0.5615615615615616 0.266 0.14414414414414414
0 0.518 0.9279279279279279 0.258 0.11711711711711711
0 0.101 0.7672672672672672 0.194 0.2852852852852853
0 0.887 0.8738738738738738 0.18 0.22822822822822822
0 0.88 0.7432432432432432 0.178 0.2972972972972973
0 0.85 0.6636636636636637 0.116 0.15915915915915915
0 0.799 0.6336336336336337 0.152 0.2222222222222222
0 0.551 0.6501501501501501 0.118 0.1921921921921922
2 0.658 0.466966966966967 0.136 0.06906906906906907
0 0.275 0.7462462462462462 0.164 0.21021021021021022
0 0.43 0.6561561561561562 0.064 0.1831831831831832
0 0.313 0.5765765765765766 0.058 0.12312312312312312
0 0.173 0.7312312312312312 0.09 0.2012012012012012
0 0.342 0.5630630630630631 0.066 0.08708708708708708