2 0.5979166666666667 0.71328125 0.16458333333333333 0.0828125
2 0.7114583333333333 0.69375 0.03125 0.05
2 0.121875 0.65390625 0.10625 0.0265625
2 0.6583333333333333 0.68125 0.08541666666666667 0.0390625
2 0.046875 0.69375 0.09375 0.096875
2 0.28125 0.66171875 0.04583333333333333 0.0578125
2 0.034375 0.775 0.06875 0.1203125
2 0.5395833333333333 0.66171875 0.020833333333333332 0.015625
2 0.7166666666666667 0.66484375 0.029166666666666667 0.015625
2 0.06145833333333333 0.65 0.0875 0.034375
2 0.434375 0.6625 0.041666666666666664 0.025
2 0.503125 0.6546875 0.05 0.0171875
2 0.69375 0.7046875 0.041666666666666664 0.053125