5 0.4265625 0.24270833333333333 0.1859375 0.125
2 0.059375 0.22083333333333333 0.075 0.07708333333333334
4 0.8984375 0.30416666666666664 0.159375 0.21875
4 0.7765625 0.3020833333333333 0.103125 0.15833333333333333
4 0.06640625 0.378125 0.1296875 0.2625
4 0.95234375 0.3145833333333333 0.0953125 0.26458333333333334
4 0.3171875 0.28125 0.075 0.09583333333333334
4 0.28203125 0.26458333333333334 0.028125 0.03125
4 0.178125 0.25833333333333336 0.075 0.0625
4 0.13984375 0.25729166666666664 0.0328125 0.05625
4 0.07265625 0.23020833333333332 0.0984375 0.07916666666666666
4 0.83515625 0.271875 0.08125 0.11875
4 0.47734375 0.490625 0.8375 0.95625