2 0.56640625 0.6520833333333333 0.0921875 0.06458333333333334
2 0.7375 0.6729166666666667 0.1234375 0.06041666666666667
2 0.89765625 0.6635416666666667 0.0625 0.04583333333333333
2 0.81328125 0.671875 0.0796875 0.05
5 0.3234375 0.6635416666666667 0.1703125 0.07708333333333334
5 0.08203125 0.65625 0.1375 0.06041666666666667
5 0.234375 0.6458333333333334 0.1359375 0.052083333333333336
5 0.0578125 0.6197916666666666 0.1125 0.04375
5 0.66796875 0.628125 0.053125 0.025
2 0.43359375 0.6427083333333333 0.084375 0.05
2 0.49765625 0.6520833333333333 0.0546875 0.058333333333333334
2 0.865625 0.6572916666666667 0.053125 0.04791666666666667
2 0.96328125 0.6645833333333333 0.0734375 0.058333333333333334
2 0.83359375 0.6197916666666666 0.053125 0.014583333333333334
2 0.678125 0.6583333333333333 0.109375 0.05
2 0.7671875 0.6520833333333333 0.0328125 0.01875