4 0.81796875 0.5395833333333333 0.0125 0.03125
4 0.39140625 0.253125 0.0328125 0.025
4 0.44140625 0.24895833333333334 0.034375 0.027083333333333334
4 0.6375 0.859375 0.0140625 0.041666666666666664
1 0.7625 0.415625 0.0625 0.1125
1 0.83203125 0.3260416666666667 0.0546875 0.08958333333333333
1 0.37890625 0.35 0.078125 0.11458333333333333
2 0.41640625 0.5625 0.053125 0.06458333333333334
2 0.36484375 0.5177083333333333 0.046875 0.06041666666666667
2 0.38671875 0.47604166666666664 0.0515625 0.05625
2 0.52734375 0.6677083333333333 0.040625 0.05416666666666667
2 0.43984375 0.415625 0.0421875 0.041666666666666664
2 0.44921875 0.39375 0.0453125 0.04583333333333333
2 0.46875 0.375 0.0390625 0.04375
2 0.690625 0.6052083333333333 0.053125 0.06875
2 0.5296875 0.38333333333333336 0.0390625 0.052083333333333336
2 0.3515625 0.7104166666666667 0.05 0.058333333333333334
2 0.765625 0.5864583333333333 0.059375 0.06666666666666667
2 0.41640625 0.43854166666666666 0.0421875 0.04791666666666667
1 0.79375 0.3729166666666667 0.065625 0.1
1 0.84375 0.2635416666666667 0.0609375 0.0625
5 0.96171875 0.196875 0.0421875 0.06041666666666667
5 0.928125 0.17291666666666666 0.040625 0.05625
2 0.47109375 0.75 0.05 0.06875
5 0.690625 0.3302083333333333 0.046875 0.058333333333333334
5 0.75859375 0.18020833333333333 0.0421875 0.041666666666666664
5 0.04375 0.909375 0.0734375 0.07708333333333334
5 0.45859375 0.49895833333333334 0.046875 0.058333333333333334
5 0.60078125 0.25729166666666664 0.0796875 0.05625
5 0.11953125 0.940625 0.06875 0.08541666666666667
5 0.2 0.7208333333333333 0.05 0.07708333333333334
5 0.7921875 0.36875 0.0515625 0.08958333333333333