1 0.6015625 0.32401656314699795 0.44375 0.21325051759834368
2 0.23984375 0.6780538302277432 0.4765625 0.5424430641821946
2 0.63984375 0.4389233954451346 0.14375 0.16149068322981366
2 0.92734375 0.4865424430641822 0.1140625 0.2463768115942029
2 0.6203125 0.39337474120082816 0.1109375 0.10144927536231885
2 0.884375 0.45962732919254656 0.0859375 0.21325051759834368
5 0.890625 0.35610766045548653 0.21875 0.3064182194616977
5 0.97109375 0.4979296066252588 0.0578125 0.34368530020703936
5 0.4046875 0.38923395445134573 0.090625 0.11594202898550725
2 0.1578125 0.40476190476190477 0.315625 0.2608695652173913
1 0.89140625 0.36335403726708076 0.2171875 0.3022774327122153
2 0.4 0.3944099378881988 0.0578125 0.055900621118012424