2 0.16015625 0.5751173708920188 0.0203125 0.01643192488262911
2 0.175 0.568075117370892 0.01875 0.025821596244131457
2 0.2078125 0.5704225352112676 0.0421875 0.028169014084507043
2 0.70390625 0.5704225352112676 0.05625 0.028169014084507043
2 0.28125 0.5727699530516432 0.0453125 0.018779342723004695
2 0.44765625 0.5727699530516432 0.0203125 0.018779342723004695
2 0.5890625 0.5727699530516432 0.0375 0.018779342723004695
2 0.61640625 0.573943661971831 0.025 0.014084507042253521
2 0.51015625 0.5704225352112676 0.05 0.023474178403755867
2 0.3484375 0.5645539906103286 0.0265625 0.025821596244131457
2 0.38984375 0.5633802816901409 0.0234375 0.014084507042253521
2 0.3671875 0.5727699530516432 0.009375 0.011737089201877934
2 0.4765625 0.5669014084507042 0.03125 0.02112676056338028