4 0.7377049180327869 0.66484375 0.522248243559719 0.5140625
4 0.6533957845433255 0.44375 0.6861826697892272 0.5546875
4 0.47306791569086654 0.328125 0.5175644028103045 0.503125
4 0.32084309133489464 0.365625 0.24121779859484777 0.2078125
4 0.7540983606557377 0.44921875 0.4918032786885246 0.49375
2 0.10772833723653395 0.38515625 0.02810304449648712 0.0171875
2 0.04566744730679157 0.39296875 0.04449648711943794 0.01875
4 0.6662763466042154 0.5515625 0.33021077283372363 0.2828125
4 0.32084309133489464 0.42578125 0.234192037470726 0.215625
4 0.2388758782201405 0.365625 0.1686182669789227 0.1796875
4 0.20608899297423888 0.36953125 0.10304449648711944 0.1078125
2 0.14637002341920374 0.38125 0.03747072599531616 0.0296875
2 0.01522248243559719 0.37890625 0.0234192037470726 0.009375
4 0.572599531615925 0.4203125 0.5714285714285714 0.4859375
4 0.8114754098360656 0.8125 0.3629976580796253 0.3328125