2 0.4953125 0.34479166666666666 0.04375 0.03125
2 0.62890625 0.32083333333333336 0.028125 0.0375
2 0.58515625 0.3229166666666667 0.025 0.016666666666666666
2 0.1609375 0.328125 0.0171875 0.01875
2 0.1796875 0.33125 0.01875 0.014583333333333334
0 0.2546875 0.43125 0.1140625 0.09375
0 0.40859375 0.5135416666666667 0.1828125 0.20416666666666666
0 0.59453125 0.6020833333333333 0.290625 0.3229166666666667
0 0.80078125 0.7385416666666667 0.303125 0.475
0 0.34296875 0.47604166666666664 0.1484375 0.16666666666666666
0 0.71796875 0.6458333333333334 0.2484375 0.41041666666666665
0 0.221875 0.4166666666666667 0.0859375 0.09166666666666666
2 0.596875 0.30833333333333335 0.034375 0.014583333333333334
0 0.1984375 0.4 0.0609375 0.08541666666666667
0 0.11015625 0.35625 0.0265625 0.022916666666666665
0 0.0890625 0.34479166666666666 0.0171875 0.020833333333333332
2 0.521875 0.3260416666666667 0.0234375 0.022916666666666665
2 0.48046875 0.32708333333333334 0.0203125 0.03333333333333333
2 0.62734375 0.296875 0.0265625 0.01875
2 0.6453125 0.3 0.025 0.022916666666666665