2 0.953125 0.8442622950819673 0.0921875 0.10304449648711944
2 0.9515625 0.7927400468384075 0.084375 0.07494145199063232
2 0.915625 0.7903981264637002 0.0953125 0.10070257611241218
2 0.9265625 0.7517564402810304 0.084375 0.03747072599531616
2 0.43515625 0.7330210772833724 0.0328125 0.02107728337236534
4 0.33203125 0.373536299765808 0.090625 0.14988290398126464
4 0.8546875 0.3337236533957845 0.0609375 0.12646370023419204
4 0.79375 0.3255269320843091 0.0671875 0.10772833723653395
4 0.74296875 0.32903981264637 0.0671875 0.07494145199063232
4 0.69375 0.3185011709601874 0.0546875 0.07962529274004684
4 0.66484375 0.3091334894613583 0.04375 0.07259953161592506
4 0.1390625 0.3360655737704918 0.0640625 0.1451990632318501
4 0.640625 0.31733021077283374 0.028125 0.04449648711943794
4 0.225 0.2927400468384075 0.028125 0.053864168618266976
4 0.603125 0.8805620608899297 0.05 0.08665105386416862
4 0.690625 0.8032786885245902 0.0296875 0.04918032786885246
2 0.86484375 0.7599531615925058 0.0625 0.04918032786885246
2 0.975 0.870023419203747 0.0484375 0.11241217798594848
2 0.40078125 0.7306791569086651 0.0375 0.0234192037470726
2 0.96875 0.7576112412177985 0.0546875 0.03747072599531616
4 0.82890625 0.892271662763466 0.046875 0.0936768149882904
4 0.7859375 0.7985948477751756 0.0234375 0.0468384074941452