2 0.2875 0.7375 0.075 0.06666666666666667
2 0.33359375 0.7291666666666666 0.0703125 0.07083333333333333
2 0.3859375 0.7239583333333334 0.0859375 0.0625
2 0.4359375 0.7270833333333333 0.0734375 0.05416666666666667
5 0.75625 0.6760416666666667 0.153125 0.09166666666666666
5 0.68828125 0.6739583333333333 0.140625 0.10416666666666667
5 0.02734375 0.915625 0.0546875 0.08333333333333333
5 0.87734375 0.9125 0.1078125 0.09375
5 0.28828125 0.7375 0.0765625 0.07708333333333334
5 0.46640625 0.671875 0.046875 0.029166666666666667
2 0.1890625 0.825 0.1140625 0.08958333333333333
2 0.02578125 0.9 0.0484375 0.10416666666666667
2 0.8765625 0.9197916666666667 0.109375 0.10416666666666667
5 0.815625 0.61875 0.1078125 0.052083333333333336
5 0.55 0.7979166666666667 0.08125 0.10625
5 0.46640625 0.7125 0.0890625 0.0625
5 0.39375 0.6739583333333333 0.0453125 0.029166666666666667
5 0.10703125 0.6104166666666667 0.0390625 0.04583333333333333
5 0.3640625 0.6677083333333333 0.03125 0.03333333333333333