2 0.65234375 0.8697916666666666 0.028125 0.0125
2 0.48515625 0.8375 0.021875 0.010416666666666666
2 0.5 0.8322916666666667 0.0203125 0.014583333333333334
2 0.93359375 0.8489583333333334 0.0171875 0.014583333333333334
2 0.84765625 0.85 0.0265625 0.014583333333333334
5 0.2640625 0.9645833333333333 0.075 0.03958333333333333
2 0.69921875 0.8114583333333333 0.009375 0.0125
2 0.60546875 0.85 0.0125 0.016666666666666666
1 0.68515625 0.8510416666666667 0.0296875 0.04583333333333333
5 0.3578125 0.95 0.0796875 0.04791666666666667
5 0.89453125 0.8697916666666666 0.0203125 0.03333333333333333
5 0.91953125 0.8729166666666667 0.0234375 0.0375
2 0.53515625 0.86875 0.025 0.010416666666666666
2 0.4765625 0.8552083333333333 0.0109375 0.020833333333333332
2 0.48359375 0.84375 0.0125 0.008333333333333333
2 0.8078125 0.8697916666666666 0.0234375 0.014583333333333334
5 0.86484375 0.86875 0.034375 0.041666666666666664
2 0.62578125 0.8114583333333333 0.0078125 0.016666666666666666
5 0.74453125 0.8416666666666667 0.01875 0.025
5 0.68515625 0.8510416666666667 0.028125 0.04375
5 0.60625 0.8489583333333334 0.0125 0.016666666666666666