4 0.35 0.5741239892183289 0.6546875 0.8328840970350404
4 0.3828125 0.3490566037735849 0.2703125 0.6846361185983828
4 0.75234375 0.5902964959568733 0.2078125 0.5336927223719676
4 0.3703125 0.2857142857142857 0.121875 0.15633423180592992
4 0.6546875 0.40161725067385445 0.153125 0.444743935309973
4 0.61640625 0.25336927223719674 0.075 0.20215633423180593
2 0.25390625 0.1792452830188679 0.0515625 0.07816711590296496
2 0.14140625 0.16576819407008087 0.0609375 0.04851752021563342
2 0.18046875 0.1738544474393531 0.0171875 0.026954177897574125
2 0.2125 0.16981132075471697 0.0296875 0.04043126684636118
2 0.234375 0.14420485175202155 0.0265625 0.013477088948787063
2 0.053125 0.1792452830188679 0.06875 0.05929919137466307
2 0.184375 0.16711590296495957 0.0375 0.04043126684636118
2 0.20859375 0.15633423180592992 0.05625 0.03773584905660377
5 0.31953125 0.16846361185983827 0.071875 0.09703504043126684