0 0.4609375 0.5983606557377049 0.0828125 0.25995316159250587
2 0.215625 0.4262295081967213 0.034375 0.03747072599531616
4 0.15703125 0.5983606557377049 0.3140625 0.7798594847775175
4 0.87890625 0.48243559718969553 0.090625 0.16627634660421545
2 0.95234375 0.47540983606557374 0.0953125 0.20608899297423888
4 0.6265625 0.45901639344262296 0.0609375 0.10772833723653395
4 0.559375 0.45784543325526933 0.0421875 0.08899297423887588
4 0.5375 0.4531615925058548 0.040625 0.08430913348946135
4 0.8046875 0.47423887587822017 0.0734375 0.14754098360655737
4 0.69765625 0.468384074941452 0.065625 0.12412177985948478
4 0.61796875 0.4566744730679157 0.0578125 0.08665105386416862
4 0.58984375 0.45784543325526933 0.0484375 0.09601873536299765
4 0.66328125 0.4613583138173302 0.05625 0.11943793911007025
4 0.675 0.47306791569086654 0.0375 0.09836065573770492
4 0.8328125 0.5081967213114754 0.0546875 0.09601873536299765
2 0.2921875 0.4215456674473068 0.021875 0.02810304449648712
4 0.41484375 0.45550351288056207 0.0125 0.0351288056206089