2 0.0359375 0.7986111111111112 0.0234375 0.027777777777777776
2 0.1484375 0.7763888888888889 0.0125 0.019444444444444445
2 0.0953125 0.7875 0.015625 0.022222222222222223
2 0.0609375 0.7986111111111112 0.0203125 0.030555555555555555
2 0.0953125 0.7888888888888889 0.015625 0.022222222222222223
1 0.334375 0.7791666666666667 0.2296875 0.08055555555555556
2 0.10703125 0.7819444444444444 0.0140625 0.022222222222222223
2 0.0703125 0.7930555555555555 0.015625 0.030555555555555555
2 0.0109375 0.8 0.021875 0.027777777777777776
2 0.08359375 0.7791666666666667 0.0125 0.016666666666666666
2 0.9515625 0.7722222222222223 0.0609375 0.03333333333333333
2 0.621875 0.7847222222222222 0.0484375 0.03611111111111111
2 0.075 0.7708333333333334 0.0109375 0.013888888888888888
2 0.05546875 0.7861111111111111 0.01875 0.022222222222222223