2 0.52578125 0.42505854800936765 0.046875 0.11943793911007025
2 0.54765625 0.405152224824356 0.0625 0.08899297423887588
2 0.51015625 0.6229508196721312 0.0796875 0.11007025761124122
2 0.590625 0.5901639344262295 0.040625 0.09836065573770492
2 0.728125 0.48360655737704916 0.03125 0.08196721311475409
2 0.63359375 0.4344262295081967 0.034375 0.06791569086651054
2 0.46796875 0.4098360655737705 0.0578125 0.1405152224824356
2 0.6921875 0.45901639344262296 0.028125 0.04918032786885246
2 0.6515625 0.45081967213114754 0.0390625 0.08430913348946135
2 0.7546875 0.47892271662763464 0.0546875 0.07259953161592506
2 0.70703125 0.46955503512880564 0.021875 0.07494145199063232
2 0.740625 0.48243559718969553 0.04375 0.07728337236533958
2 0.7828125 0.47423887587822017 0.0234375 0.04918032786885246