2 0.59765625 0.23536299765807964 0.1375 0.09836065573770492
2 0.478125 0.24707259953161592 0.0875 0.09133489461358314
2 0.77578125 0.24121779859484777 0.065625 0.1053864168618267
2 0.284375 0.25995316159250587 0.084375 0.09133489461358314
2 0.528125 0.24473067915690866 0.0765625 0.0936768149882904
2 0.43515625 0.25878220140515223 0.040625 0.0702576112412178
2 0.43046875 0.22716627634660422 0.0328125 0.04215456674473068
2 0.6296875 0.2540983606557377 0.0734375 0.07962529274004684
2 0.1390625 0.25878220140515223 0.1 0.0702576112412178
2 0.615625 0.23770491803278687 0.0328125 0.0351288056206089
5 0.596875 0.24121779859484777 0.134375 0.1053864168618267
5 0.77578125 0.24121779859484777 0.06875 0.10304449648711944