2 0.525 0.8 0.115625 0.08958333333333333
2 0.3671875 0.778125 0.08125 0.07083333333333333
2 0.31875 0.7729166666666667 0.053125 0.058333333333333334
2 0.08046875 0.7614583333333333 0.0921875 0.03958333333333333
2 0.134375 0.7458333333333333 0.021875 0.025
2 0.18046875 0.7572916666666667 0.021875 0.025
2 0.2234375 0.7604166666666666 0.0375 0.0375
2 0.196875 0.7583333333333333 0.0125 0.035416666666666666
2 0.165625 0.7572916666666667 0.0203125 0.022916666666666665
2 0.15234375 0.7520833333333333 0.0203125 0.025
2 0.2078125 0.75625 0.015625 0.035416666666666666
2 0.0421875 0.75625 0.034375 0.03125