0 0.690625 0.5412735849056604 0.2125 0.28537735849056606
0 0.6859375 0.44221698113207547 0.16875 0.19339622641509435
2 0.05234375 0.1945754716981132 0.040625 0.06132075471698113
2 0.06640625 0.18985849056603774 0.0234375 0.04481132075471698
2 0.1765625 0.15330188679245282 0.0234375 0.030660377358490566
2 0.10703125 0.18160377358490565 0.03125 0.04716981132075472
0 0.15703125 0.8148584905660378 0.078125 0.17452830188679244
0 0.75859375 0.7051886792452831 0.1265625 0.17452830188679244
2 0.0234375 0.21226415094339623 0.0453125 0.11084905660377359
2 0.1125 0.17099056603773585 0.0390625 0.04716981132075472
2 0.19296875 0.1544811320754717 0.0125 0.018867924528301886
2 0.14375 0.16391509433962265 0.0171875 0.0330188679245283
2 0.159375 0.15683962264150944 0.009375 0.02358490566037736
2 0.2046875 0.15330188679245282 0.0078125 0.009433962264150943
0 0.578125 0.3136792452830189 0.028125 0.04009433962264151