1 0.21171875 0.5791666666666667 0.075 0.052083333333333336
1 0.7109375 0.5666666666666667 0.0515625 0.0625
1 0.734375 0.5635416666666667 0.0515625 0.06041666666666667
1 0.96796875 0.5697916666666667 0.0640625 0.0625
1 0.8421875 0.5520833333333334 0.1625 0.24791666666666667
1 0.38828125 0.565625 0.121875 0.14583333333333334
1 0.28984375 0.5666666666666667 0.0921875 0.12708333333333333
1 0.646875 0.5875 0.09375 0.12708333333333333
1 0.5140625 0.5895833333333333 0.1359375 0.10833333333333334
1 0.01875 0.5541666666666667 0.034375 0.18541666666666667
1 0.14140625 0.56875 0.075 0.08125
1 0.60390625 0.5645833333333333 0.0453125 0.07916666666666666