4 0.31640625 0.471875 0.065625 0.11875
4 0.4109375 0.4895833333333333 0.0625 0.09791666666666667
4 0.51875 0.5010416666666667 0.06875 0.10416666666666667
4 0.67109375 0.49583333333333335 0.0640625 0.11666666666666667
4 0.834375 0.4947916666666667 0.059375 0.10208333333333333
2 0.41484375 0.44479166666666664 0.0921875 0.07708333333333334
2 0.04453125 0.478125 0.0890625 0.15416666666666667
2 0.565625 0.39895833333333336 0.0703125 0.06041666666666667
2 0.82109375 0.35625 0.03125 0.03125
5 0.4640625 0.42916666666666664 0.071875 0.08125
5 0.98515625 0.4739583333333333 0.0296875 0.19791666666666666
2 0.7734375 0.43125 0.0234375 0.041666666666666664
2 0.53046875 0.37916666666666665 0.0203125 0.01875
2 0.64921875 0.35833333333333334 0.0125 0.014583333333333334
5 0.72890625 0.41458333333333336 0.078125 0.09583333333333334
2 0.85390625 0.359375 0.034375 0.035416666666666666