0 0.57 0.8693693693693694 0.106 0.11411411411411411
1 0.086 0.6261261261261262 0.172 0.39039039039039036
1 0.224 0.4024024024024024 0.132 0.21921921921921922
1 0.368 0.30930930930930933 0.102 0.18018018018018017
1 0.541 0.3303303303303303 0.09 0.18018018018018017
1 0.387 0.0945945945945946 0.034 0.06306306306306306
1 0.275 0.3123123123123123 0.112 0.17717717717717718
2 0.39 0.6126126126126126 0.106 0.2042042042042042
2 0.419 0.4774774774774775 0.072 0.1021021021021021
2 0.452 0.3063063063063063 0.054 0.03003003003003003
2 0.187 0.512012012012012 0.064 0.15915915915915915
2 0.353 0.7627627627627628 0.124 0.17717717717717718
2 0.441 0.4174174174174174 0.068 0.12312312312312312
2 0.448 0.27627627627627627 0.038 0.06006006006006006
2 0.457 0.21621621621621623 0.04 0.03303303303303303
2 0.516 0.21771771771771772 0.02 0.042042042042042045
2 0.462 0.16366366366366367 0.026 0.015015015015015015
2 0.463 0.13213213213213212 0.026 0.024024024024024024
2 0.464 0.2012012012012012 0.03 0.03303303303303303
2 0.456 0.27927927927927926 0.038 0.024024024024024024
1 0.358 0.1816816816816817 0.064 0.0990990990990991