0 0.98984375 0.7311320754716981 0.0203125 0.09433962264150944
2 0.60078125 0.7040094339622641 0.2484375 0.2830188679245283
2 0.784375 0.6591981132075472 0.1265625 0.1721698113207547
2 0.040625 0.8101415094339622 0.08125 0.37971698113207547
2 0.846875 0.6202830188679245 0.0734375 0.11084905660377359
2 0.92578125 0.6155660377358491 0.059375 0.08962264150943396
2 0.97265625 0.6155660377358491 0.0265625 0.0660377358490566
2 0.159375 0.6285377358490566 0.0578125 0.1320754716981132
1 0.428125 0.5919811320754716 0.340625 0.375
2 0.9828125 0.6073113207547169 0.03125 0.049528301886792456
2 0.0484375 0.6379716981132075 0.096875 0.19339622641509435
2 0.1046875 0.6261792452830188 0.0484375 0.13443396226415094