2 0.605 0.768 0.078 0.06933333333333333
4 0.569 0.8626666666666667 0.012 0.058666666666666666
4 0.473 0.824 0.018 0.048
4 0.384 0.696 0.018 0.034666666666666665
2 0.86 0.7626666666666667 0.074 0.09066666666666667
2 0.534 0.772 0.058 0.04
2 0.541 0.7093333333333334 0.056 0.06133333333333333
2 0.478 0.7253333333333334 0.07 0.08266666666666667
2 0.426 0.6826666666666666 0.048 0.058666666666666666
2 0.471 0.6506666666666666 0.048 0.056
2 0.411 0.596 0.036 0.048
2 0.363 0.5853333333333334 0.036 0.04
2 0.344 0.5693333333333334 0.024 0.029333333333333333
2 0.68 0.844 0.128 0.11466666666666667
2 0.928 0.8053333333333333 0.106 0.09066666666666667
2 0.853 0.8093333333333333 0.044 0.04