2 0.140625 0.6391437308868502 0.025 0.03669724770642202
2 0.128125 0.5886850152905199 0.025 0.03363914373088685
2 0.08984375 0.5840978593272171 0.0234375 0.03363914373088685
1 0.7453125 0.7064220183486238 0.165625 0.12538226299694188
1 0.51640625 0.8470948012232415 0.1875 0.26605504587155965
1 0.09453125 0.8532110091743119 0.0703125 0.25688073394495414
1 0.0484375 0.7262996941896025 0.096875 0.14067278287461774
1 0.01171875 0.8470948012232415 0.0234375 0.2018348623853211
5 0.46484375 0.6070336391437309 0.0546875 0.0672782874617737
2 0.1640625 0.5840978593272171 0.015625 0.03363914373088685
4 0.2515625 0.9831804281345565 0.0125 0.03058103975535168
5 0.57265625 0.6467889908256881 0.1109375 0.0764525993883792
5 0.89140625 0.8470948012232415 0.18125 0.1620795107033639
5 0.23828125 0.555045871559633 0.0484375 0.06116207951070336
4 0.71015625 0.7492354740061162 0.0265625 0.039755351681957186
4 0.5859375 0.7232415902140673 0.0203125 0.027522935779816515