0 0.484375 0.6981327800829875 0.040625 0.1016597510373444
0 0.0671875 0.6753112033195021 0.04375 0.17012448132780084
0 0.58359375 0.7946058091286307 0.1546875 0.3091286307053942
0 0.84453125 0.700207468879668 0.04375 0.12655601659751037
0 0.17421875 0.5985477178423236 0.0359375 0.07468879668049792
0 0.88203125 0.7022821576763485 0.09375 0.2012448132780083
0 0.7015625 0.8983402489626556 0.0453125 0.17012448132780084
0 0.109375 0.5860995850622407 0.0265625 0.0975103734439834
0 0.82421875 0.8215767634854771 0.0703125 0.0975103734439834
0 0.5046875 0.6545643153526971 0.03125 0.14937759336099585
0 0.525 0.6255186721991701 0.0234375 0.06639004149377593
0 0.66875 0.6524896265560166 0.0296875 0.04564315352697095
0 0.1765625 0.6016597510373444 0.009375 0.029045643153526972