4 0.70546875 0.6729166666666667 0.1203125 0.26875
0 0.928125 0.6447916666666667 0.0875 0.07291666666666667
0 0.78359375 0.61875 0.0296875 0.03958333333333333
0 0.97890625 0.70625 0.040625 0.15833333333333333
0 0.8265625 0.634375 0.053125 0.075
0 0.6125 0.7416666666666667 0.05625 0.2375
0 0.9171875 0.7302083333333333 0.0375 0.04583333333333333
0 0.8828125 0.634375 0.0671875 0.05625
0 0.865625 0.6354166666666666 0.0578125 0.06041666666666667
0 0.78359375 0.5895833333333333 0.0390625 0.03958333333333333
0 0.796875 0.5614583333333333 0.0484375 0.03125
0 0.8921875 0.5947916666666667 0.04375 0.025