2 0.10546875 0.49065420560747663 0.2109375 0.25934579439252337
2 0.38671875 0.49065420560747663 0.175 0.22429906542056074
2 0.70390625 0.45560747663551404 0.1390625 0.3014018691588785
2 0.88125 0.572429906542056 0.2375 0.3644859813084112
2 0.378125 0.2441588785046729 0.071875 0.0911214953271028
2 0.2828125 0.20794392523364486 0.0890625 0.0794392523364486
2 0.89453125 0.4322429906542056 0.2109375 0.17523364485981308
2 0.18125 0.125 0.0953125 0.07710280373831775
2 0.32578125 0.4077102803738318 0.0765625 0.07710280373831775
2 0.4625 0.17289719626168223 0.0765625 0.09579439252336448
2 0.57265625 0.463785046728972 0.0609375 0.24766355140186916
5 0.83515625 0.3247663551401869 0.0953125 0.04906542056074766
2 0.47578125 0.27102803738317754 0.0609375 0.09579439252336448