2 0.665 0.8753086419753087 0.238 0.2271604938271605
1 0.254 0.49382716049382713 0.21 0.2839506172839506
1 0.403 0.2691358024691358 0.21 0.2074074074074074
2 0.539 0.27283950617283953 0.1 0.09135802469135802
5 0.424 0.46296296296296297 0.198 0.2
5 0.213 0.24814814814814815 0.128 0.1728395061728395
2 0.768 0.9148148148148149 0.25 0.17037037037037037
2 0.913 0.6358024691358025 0.174 0.19012345679012346
2 0.329 0.36666666666666664 0.102 0.12839506172839507
2 0.127 0.3419753086419753 0.088 0.12839506172839507
2 0.094 0.24567901234567902 0.102 0.10617283950617284
2 0.111 0.17901234567901234 0.078 0.10617283950617284
2 0.146 0.030864197530864196 0.064 0.05925925925925926
2 0.26 0.10246913580246914 0.092 0.0691358024691358