2 0.2921875 0.2709205020920502 0.58125 0.39330543933054396
2 0.57421875 0.22594142259414227 0.175 0.15481171548117154
2 0.75390625 0.23535564853556484 0.1828125 0.10669456066945607
2 0.91640625 0.25418410041841005 0.1671875 0.11715481171548117
2 0.67890625 0.20502092050209206 0.0390625 0.0502092050209205
4 0.4609375 0.21338912133891214 0.0703125 0.11715481171548117
5 0.29453125 0.28556485355648537 0.584375 0.4330543933054393
5 0.4546875 0.14435146443514643 0.0171875 0.04811715481171548
2 0.85625 0.20920502092050208 0.0421875 0.0397489539748954
2 0.15234375 0.2405857740585774 0.028125 0.05439330543933055
2 0.009375 0.16631799163179917 0.01875 0.043933054393305436
2 0.7984375 0.3891213389121339 0.328125 0.26569037656903766