5 0.8671875 0.6812227074235808 0.265625 0.24890829694323144
2 0.86875 0.6943231441048034 0.2625 0.2445414847161572
2 0.77578125 0.6550218340611353 0.146875 0.2096069868995633
2 0.8390625 0.5010917030567685 0.0671875 0.06986899563318777
2 0.9765625 0.5207423580786026 0.046875 0.05458515283842795
2 0.953125 0.4923580786026201 0.065625 0.028384279475982533
2 0.915625 0.4836244541484716 0.0546875 0.043668122270742356
2 0.9296875 0.4585152838427948 0.040625 0.04148471615720524
2 0.95234375 0.44541484716157204 0.0296875 0.04148471615720524
2 0.98359375 0.46179039301310043 0.0328125 0.039301310043668124
2 0.8875 0.5283842794759825 0.1609375 0.05021834061135371
2 0.91484375 0.43995633187772926 0.04375 0.039301310043668124
2 0.7359375 0.6004366812227074 0.075 0.0851528384279476
2 0.8890625 0.48253275109170307 0.0484375 0.048034934497816595