4 0.5359375 0.4823943661971831 0.7109375 0.960093896713615
4 0.4328125 0.284037558685446 0.4140625 0.39436619718309857
2 0.92734375 0.13497652582159625 0.1453125 0.13615023474178403
2 0.51484375 0.11150234741784038 0.1125 0.07511737089201878
2 0.63984375 0.1068075117370892 0.078125 0.06338028169014084
5 0.2515625 0.1255868544600939 0.225 0.16901408450704225
5 0.6953125 0.09272300469483569 0.0625 0.07511737089201878
5 0.87265625 0.07511737089201878 0.0515625 0.03286384976525822
2 0.884375 0.11737089201877934 0.1015625 0.107981220657277
2 0.828125 0.10446009389671361 0.025 0.025821596244131457
2 0.79765625 0.09741784037558686 0.0390625 0.04460093896713615
5 0.73515625 0.09507042253521127 0.04375 0.0539906103286385