2 0.01640625 0.6112412177985949 0.0328125 0.07962529274004684
2 0.06875 0.5913348946135831 0.090625 0.08899297423887588
2 0.16953125 0.5784543325526932 0.0703125 0.06088992974238876
2 0.21640625 0.5573770491803278 0.059375 0.07728337236533958
2 0.26484375 0.5538641686182669 0.040625 0.0468384074941452
2 0.2859375 0.5421545667447307 0.040625 0.053864168618266976
2 0.940625 0.5690866510538641 0.11875 0.06791569086651054
2 0.9640625 0.5925058548009368 0.071875 0.08665105386416862
2 0.825 0.5386416861826698 0.0578125 0.04449648711943794
2 0.41171875 0.5163934426229508 0.0234375 0.02810304449648712
2 0.3984375 0.5199063231850117 0.0328125 0.03278688524590164
2 0.88359375 0.5491803278688525 0.0609375 0.06088992974238876
2 0.3359375 0.5374707259953162 0.0453125 0.04215456674473068