2 0.415 0.5506666666666666 0.066 0.06133333333333333
2 0.47 0.5666666666666667 0.02 0.024
2 0.445 0.5266666666666666 0.014 0.016
2 0.448 0.49333333333333335 0.016 0.018666666666666668
2 0.478 0.5426666666666666 0.018 0.02666666666666667
2 0.445 0.476 0.03 0.016
2 0.477 0.4666666666666667 0.018 0.029333333333333333
2 0.506 0.4613333333333333 0.014 0.018666666666666668
2 0.533 0.54 0.016 0.018666666666666668
2 0.481 0.5293333333333333 0.016 0.02666666666666667
2 0.447 0.5453333333333333 0.012 0.02666666666666667
5 0.027 0.284 0.054 0.30133333333333334
2 0.526 0.5306666666666666 0.016 0.018666666666666668
2 0.448 0.512 0.014 0.013333333333333334