2 0.296875 0.25 0.240625 0.20208333333333334
2 0.7046875 0.18333333333333332 0.0328125 0.05
2 0.65546875 0.203125 0.0390625 0.07291666666666667
2 0.58515625 0.240625 0.05625 0.1
2 0.39453125 0.19791666666666666 0.046875 0.06041666666666667
2 0.11484375 0.25833333333333336 0.1515625 0.11458333333333333
2 0.01875 0.296875 0.0375 0.08541666666666667
2 0.88125 0.15625 0.05 0.05625
2 0.43203125 0.19270833333333334 0.034375 0.06458333333333334
2 0.56640625 0.18229166666666666 0.075 0.06458333333333334
2 0.63203125 0.18020833333333333 0.05 0.0625
2 0.71953125 0.16458333333333333 0.028125 0.027083333333333334