2 0.21640625 0.5822916666666667 0.0359375 0.03125
2 0.953125 0.7125 0.0921875 0.14375
2 0.67734375 0.578125 0.06875 0.04375
2 0.17734375 0.5677083333333334 0.0234375 0.029166666666666667
2 0.85859375 0.5572916666666666 0.040625 0.022916666666666665
2 0.53125 0.5635416666666667 0.0421875 0.014583333333333334
2 0.6265625 0.5645833333333333 0.0328125 0.016666666666666666
5 0.74765625 0.5614583333333333 0.096875 0.04583333333333333
5 0.39140625 0.584375 0.1265625 0.08333333333333333
5 0.67578125 0.578125 0.0703125 0.041666666666666664
2 0.1640625 0.5604166666666667 0.01875 0.025
2 0.9734375 0.5541666666666667 0.01875 0.0125
2 0.30234375 0.5645833333333333 0.021875 0.010416666666666666
2 0.01875 0.625 0.028125 0.041666666666666664
2 0.134375 0.56875 0.0234375 0.029166666666666667