2 0.275 0.278125 0.09791666666666667 0.0328125
2 0.4 0.28203125 0.07916666666666666 0.03125
2 0.5010416666666667 0.278125 0.06041666666666667 0.0234375
2 0.6375 0.2796875 0.09375 0.0390625
2 0.940625 0.2796875 0.08541666666666667 0.0203125
2 0.89375 0.28046875 0.06041666666666667 0.0234375
2 0.9791666666666666 0.28203125 0.041666666666666664 0.021875
2 0.45625 0.27734375 0.035416666666666666 0.028125
1 0.39166666666666666 0.2671875 0.125 0.046875
5 0.39166666666666666 0.2671875 0.125 0.046875
5 0.6854166666666667 0.2765625 0.06458333333333334 0.034375
2 0.3416666666666667 0.278125 0.04583333333333333 0.028125