2 0.21875 0.7135416666666666 0.2265625 0.13541666666666666
2 0.73359375 0.6354166666666666 0.0484375 0.029166666666666667
2 0.81171875 0.6354166666666666 0.01875 0.025
5 0.1515625 0.6604166666666667 0.096875 0.07708333333333334
2 0.33515625 0.646875 0.0625 0.03125
2 0.30625 0.6385416666666667 0.0640625 0.025
2 0.50546875 0.64375 0.071875 0.0375
2 0.77109375 0.6333333333333333 0.028125 0.025
2 0.86953125 0.6333333333333333 0.0375 0.03125
2 0.7875 0.6322916666666667 0.0171875 0.022916666666666665
4 0.5015625 0.6552083333333333 0.0140625 0.035416666666666666
2 0.24453125 0.65625 0.1546875 0.05625