5 0.5078125 0.5737704918032787 0.1640625 0.2459016393442623
2 0.37421875 0.5936768149882904 0.103125 0.14754098360655737
2 0.46328125 0.7213114754098361 0.115625 0.1522248243559719
2 0.575 0.5175644028103045 0.109375 0.11943793911007025
2 0.80703125 0.6978922716627635 0.11875 0.15456674473067916
2 0.69140625 0.6112412177985949 0.1046875 0.12412177985948478
2 0.9203125 0.8079625292740047 0.08125 0.12412177985948478
2 0.93359375 0.9426229508196722 0.1046875 0.11475409836065574
2 0.36875 0.3665105386416862 0.059375 0.06088992974238876
2 0.48359375 0.446135831381733 0.0796875 0.07494145199063232
2 0.4 0.4637002341920375 0.075 0.09601873536299765
2 0.73515625 0.9566744730679156 0.146875 0.08665105386416862
2 0.58984375 0.8583138173302107 0.159375 0.20140515222482436
2 0.31484375 0.5140515222482436 0.065625 0.10070257611241218