2 0.26015625 0.7041666666666667 0.053125 0.08541666666666667
2 0.19765625 0.6916666666666667 0.0390625 0.05416666666666667
2 0.31484375 0.65625 0.015625 0.01875
2 0.27890625 0.665625 0.0203125 0.01875
1 0.55078125 0.6479166666666667 0.1484375 0.17708333333333334
4 0.38984375 0.725 0.0359375 0.075
4 0.29765625 0.721875 0.040625 0.08541666666666667
4 0.23046875 0.7270833333333333 0.0328125 0.07916666666666666
4 0.12890625 0.7322916666666667 0.0375 0.07708333333333334
4 0.0515625 0.7385416666666667 0.040625 0.075
1 0.46328125 0.6447916666666667 0.059375 0.13125
1 0.421875 0.646875 0.028125 0.08541666666666667
4 0.15859375 0.725 0.0390625 0.07916666666666666
4 0.021875 0.7208333333333333 0.0359375 0.07916666666666666
2 0.10625 0.7104166666666667 0.0375 0.07291666666666667
2 0.2921875 0.6552083333333333 0.0125 0.014583333333333334
4 0.2 0.7010416666666667 0.0171875 0.04791666666666667
1 0.4015625 0.6604166666666667 0.028125 0.04791666666666667