2 0.31484375 0.43278301886792453 0.0671875 0.04245283018867924
2 0.4375 0.4563679245283019 0.0625 0.05188679245283019
2 0.3640625 0.44575471698113206 0.078125 0.025943396226415096
2 0.2328125 0.4339622641509434 0.0515625 0.0330188679245283
2 0.03984375 0.42924528301886794 0.0671875 0.03537735849056604
2 0.84921875 0.45047169811320753 0.0390625 0.030660377358490566
2 0.13046875 0.4386792452830189 0.0234375 0.025943396226415096
2 0.41328125 0.43278301886792453 0.0375 0.018867924528301886
5 0.67421875 0.455188679245283 0.3828125 0.2759433962264151
2 0.9828125 0.45754716981132076 0.034375 0.0330188679245283
2 0.11015625 0.42924528301886794 0.034375 0.03537735849056604
2 0.19375 0.44457547169811323 0.0140625 0.014150943396226415
2 0.0796875 0.4339622641509434 0.009375 0.02830188679245283