2 0.278125 0.3416666666666667 0.0390625 0.03333333333333333
2 0.7296875 0.3138888888888889 0.059375 0.03333333333333333
2 0.78046875 0.31805555555555554 0.0796875 0.044444444444444446
2 0.83046875 0.31527777777777777 0.0734375 0.041666666666666664
2 0.871875 0.30694444444444446 0.05 0.025
2 0.93359375 0.3055555555555556 0.0828125 0.05555555555555555
2 0.59296875 0.33611111111111114 0.0734375 0.05
2 0.70234375 0.3138888888888889 0.06875 0.03333333333333333
2 0.66875 0.3138888888888889 0.075 0.030555555555555555
2 0.0828125 0.35694444444444445 0.0375 0.03888888888888889
2 0.3609375 0.3402777777777778 0.0296875 0.025
2 0.97890625 0.30833333333333335 0.0296875 0.044444444444444446
2 0.62734375 0.33194444444444443 0.0640625 0.05277777777777778
5 0.93203125 0.30833333333333335 0.078125 0.05277777777777778