2 0.596875 0.8372365339578455 0.05625 0.0585480093676815
2 0.646875 0.8770491803278688 0.0546875 0.05620608899297424
2 0.69765625 0.9227166276346604 0.059375 0.07259953161592506
2 0.55 0.8009367681498829 0.0484375 0.05620608899297424
2 0.41640625 0.7142857142857143 0.04375 0.04449648711943794
2 0.359375 0.6768149882903981 0.040625 0.04215456674473068
2 0.40546875 0.6545667447306791 0.0453125 0.0351288056206089
2 0.47265625 0.6908665105386417 0.0453125 0.0351288056206089
2 0.578125 0.7763466042154566 0.046875 0.04215456674473068
2 0.5609375 0.7318501170960188 0.0265625 0.04215456674473068
2 0.58984375 0.9063231850117096 0.0515625 0.06088992974238876
2 0.4609375 0.7423887587822015 0.046875 0.04918032786885246
5 0.1140625 0.38173302107728335 0.0203125 0.04918032786885246
5 0.70859375 0.8676814988290398 0.065625 0.06791569086651054
2 0.296875 0.6252927400468384 0.034375 0.03981264637002342