2 0.05390625 0.621875 0.1078125 0.18958333333333333
2 0.12265625 0.54375 0.03125 0.0375
2 0.0859375 0.5479166666666667 0.0609375 0.06041666666666667
2 0.35390625 0.5239583333333333 0.0484375 0.035416666666666666
2 0.4859375 0.525 0.0203125 0.03333333333333333
2 0.4546875 0.5166666666666667 0.0421875 0.03958333333333333
2 0.978125 0.509375 0.040625 0.05
4 0.41640625 0.8239583333333333 0.509375 0.34375
4 0.4 0.7010416666666667 0.3109375 0.21458333333333332
2 0.11484375 0.5197916666666667 0.05 0.014583333333333334
5 0.1765625 0.5385416666666667 0.0796875 0.09166666666666666
2 0.38671875 0.525 0.028125 0.0375
4 0.3125 0.5875 0.1390625 0.10833333333333334
4 0.65390625 0.9197916666666667 0.41875 0.12916666666666668
4 0.5359375 0.7145833333333333 0.1875 0.13541666666666666
4 0.35859375 0.6375 0.21875 0.1875
4 0.71640625 0.878125 0.1765625 0.14583333333333334
4 0.4140625 0.6302083333333334 0.165625 0.10416666666666667