2 0.4359375 0.8777777777777778 0.084375 0.1382716049382716
2 0.7140625 0.8358024691358025 0.0578125 0.05925925925925926
2 0.67890625 0.8333333333333334 0.0328125 0.06666666666666667
2 0.59296875 0.8061728395061728 0.021875 0.03950617283950617
2 0.45390625 0.8382716049382716 0.06875 0.09876543209876543
2 0.659375 0.8234567901234567 0.0546875 0.07160493827160494
2 0.78125 0.854320987654321 0.0859375 0.08888888888888889
2 0.73984375 0.854320987654321 0.04375 0.08148148148148149
2 0.5640625 0.7962962962962963 0.0171875 0.027160493827160494
2 0.82734375 0.8728395061728395 0.090625 0.10864197530864197
2 0.61953125 0.8111111111111111 0.0328125 0.056790123456790124
2 0.634375 0.817283950617284 0.0296875 0.05925925925925926