2 0.97578125 0.41458333333333336 0.0484375 0.09166666666666666
2 0.78984375 0.41041666666666665 0.05 0.08541666666666667
2 0.63359375 0.396875 0.015625 0.03333333333333333
4 0.74609375 0.75625 0.50625 0.46458333333333335
4 0.8046875 0.6270833333333333 0.19375 0.15625
4 0.5609375 0.621875 0.13125 0.20208333333333334
5 0.71015625 0.384375 0.1234375 0.15416666666666667
2 0.8953125 0.4239583333333333 0.14375 0.13125
2 0.64453125 0.39791666666666664 0.0125 0.035416666666666666
2 0.8265625 0.40208333333333335 0.0375 0.07291666666666667
4 0.51171875 0.565625 0.0828125 0.2
4 0.69609375 0.5802083333333333 0.109375 0.05416666666666667