2 0.366 0.8626666666666667 0.188 0.24
2 0.801 0.716 0.108 0.128
2 0.602 0.64 0.06 0.06933333333333333
1 0.43 0.54 0.052 0.056
2 0.532 0.588 0.038 0.037333333333333336
2 0.034 0.6986666666666667 0.066 0.112
2 0.231 0.5946666666666667 0.056 0.050666666666666665
2 0.683 0.6333333333333333 0.048 0.072
2 0.97 0.6826666666666666 0.06 0.10133333333333333
2 0.557 0.644 0.04 0.032
2 0.567 0.6146666666666667 0.032 0.034666666666666665
2 0.627 0.6093333333333333 0.028 0.050666666666666665
2 0.56 0.5893333333333334 0.018 0.024
4 0.787 0.632 0.042 0.050666666666666665
2 0.586 0.576 0.036 0.032