5 0.71484375 0.548235294117647 0.059375 0.08705882352941176
5 0.70078125 0.4164705882352941 0.0265625 0.04470588235294118
2 0.7046875 0.48705882352941177 0.0515625 0.04941176470588235
2 0.56640625 0.4764705882352941 0.040625 0.04470588235294118
2 0.5 0.49176470588235294 0.0671875 0.04
2 0.6453125 0.47058823529411764 0.0203125 0.03529411764705882
2 0.66171875 0.45647058823529413 0.025 0.03294117647058824
2 0.62265625 0.4376470588235294 0.021875 0.011764705882352941
2 0.625 0.4776470588235294 0.0359375 0.05176470588235294
2 0.69453125 0.43058823529411766 0.0203125 0.03294117647058824
2 0.7484375 0.5341176470588235 0.028125 0.0611764705882353
2 0.34921875 0.4835294117647059 0.075 0.047058823529411764
2 0.76953125 0.4082352941176471 0.0140625 0.018823529411764704
2 0.9859375 0.5058823529411764 0.028125 0.03764705882352941