2 0.8609375 0.7259953161592506 0.278125 0.5269320843091335
2 0.803125 0.6217798594847775 0.203125 0.3840749414519906
2 0.7015625 0.6030444964871194 0.04375 0.10772833723653395
2 0.61640625 0.594847775175644 0.065625 0.06088992974238876
2 0.42265625 0.5761124121779859 0.0828125 0.0468384074941452
2 0.0375 0.5749414519906323 0.0734375 0.04449648711943794
2 0.55 0.5901639344262295 0.0734375 0.053864168618266976
2 0.60390625 0.5737704918032787 0.0515625 0.0351288056206089
2 0.66640625 0.6007025761124122 0.040625 0.07962529274004684
2 0.06640625 0.572599531615925 0.0578125 0.04449648711943794
2 0.684375 0.6053864168618267 0.0359375 0.08665105386416862