4 0.590625 0.589041095890411 0.1265625 0.1404109589041096
4 0.1953125 0.5787671232876712 0.1953125 0.23972602739726026
4 0.73125 0.5702054794520548 0.05 0.13356164383561644
4 0.03828125 0.583904109589041 0.0640625 0.1232876712328767
4 0.41484375 0.5702054794520548 0.146875 0.20205479452054795
4 0.82421875 0.5496575342465754 0.0609375 0.1267123287671233
4 0.32421875 0.541095890410959 0.0640625 0.13356164383561644
4 0.3015625 0.5633561643835616 0.0453125 0.1267123287671233
4 0.521875 0.553082191780822 0.040625 0.10616438356164383
4 0.6640625 0.5616438356164384 0.075 0.10273972602739725
4 0.56875 0.5222602739726028 0.05 0.06164383561643835
4 0.76953125 0.5222602739726028 0.04375 0.09931506849315068
4 0.69375 0.5308219178082192 0.03125 0.08561643835616438