2 0.68125 0.711943793911007 0.1375 0.14754098360655737
2 0.5328125 0.6943793911007026 0.1453125 0.1592505854800937
2 0.39453125 0.6967213114754098 0.13125 0.1358313817330211
2 0.26640625 0.6955503512880562 0.165625 0.12412177985948478
2 0.1234375 0.6920374707259953 0.1671875 0.1288056206088993
2 0.79453125 0.6908665105386417 0.1328125 0.11943793911007025
2 0.63359375 0.6920374707259953 0.0765625 0.14754098360655737
1 0.68515625 0.6042154566744731 0.05625 0.09601873536299765
1 0.63046875 0.5913348946135831 0.015625 0.06088992974238876
1 0.23828125 0.5843091334894613 0.04375 0.03747072599531616
2 0.0265625 0.6908665105386417 0.053125 0.08899297423887588
2 0.94375 0.6533957845433255 0.1125 0.0936768149882904
2 0.09140625 0.6510538641686182 0.0875 0.05620608899297424
1 0.7421875 0.5866510538641686 0.034375 0.04449648711943794
2 0.03359375 0.6522248243559718 0.0640625 0.04449648711943794
2 0.4625 0.6440281030444965 0.0328125 0.03278688524590164