1 0.24947807933194155 0.84921875 0.4989561586638831 0.275
2 0.8455114822546973 0.87109375 0.08768267223382047 0.0515625
2 0.8674321503131524 0.85234375 0.08559498956158663 0.0390625
2 0.8851774530271399 0.84140625 0.05845511482254697 0.0265625
2 0.7630480167014614 0.84296875 0.060542797494780795 0.0484375
2 0.7849686847599165 0.81015625 0.016701461377870562 0.0109375
2 0.534446764091858 0.83671875 0.081419624217119 0.0421875
2 0.6304801670146137 0.83125 0.037578288100208766 0.0234375
2 0.5824634655532359 0.8375 0.031315240083507306 0.0328125
2 0.6022964509394572 0.8328125 0.029227557411273485 0.025
2 0.6565762004175365 0.82421875 0.04175365344467641 0.0296875
2 0.7505219206680585 0.81171875 0.027139874739039668 0.0125
2 0.6847599164926931 0.81953125 0.033402922755741124 0.025
2 0.9133611691022965 0.8390625 0.022964509394572025 0.0296875