4 0.459 0.6890080428954424 0.13 0.058981233243967826
2 0.953 0.6045576407506702 0.094 0.12064343163538874
2 0.45 0.6058981233243967 0.222 0.13136729222520108
2 0.87 0.5817694369973191 0.15 0.11528150134048257
2 0.724 0.579088471849866 0.048 0.058981233243967826
2 0.669 0.5683646112600537 0.058 0.05361930294906166
2 0.635 0.5670241286863271 0.034 0.040214477211796246
2 0.601 0.5697050938337802 0.03 0.02680965147453083
2 0.773 0.5764075067024129 0.092 0.08847184986595175
2 0.582 0.5656836461126006 0.022 0.024128686327077747
5 0.457 0.6085790884718498 0.218 0.13672922252010725