2 0.021875 0.12471655328798185 0.04375 0.07482993197278912
2 0.090625 0.09070294784580499 0.1421875 0.07256235827664399
2 0.10625 0.08276643990929705 0.178125 0.07709750566893424
2 0.78984375 0.11224489795918367 0.0953125 0.08843537414965986
2 0.17265625 0.08390022675736962 0.084375 0.06802721088435375
2 0.54375 0.18480725623582767 0.39375 0.2653061224489796
2 0.20625 0.09183673469387756 0.071875 0.05215419501133787
2 0.61171875 0.10204081632653061 0.121875 0.09070294784580499
4 0.67734375 0.5238095238095238 0.4375 0.6802721088435374
4 0.5359375 0.3197278911564626 0.1859375 0.2222222222222222
4 0.48203125 0.2585034013605442 0.20625 0.2018140589569161
4 0.50703125 0.2494331065759637 0.09375 0.05442176870748299
2 0.69140625 0.0963718820861678 0.025 0.031746031746031744
2 0.06875 0.09977324263038549 0.1375 0.09297052154195011
2 0.0453125 0.1111111111111111 0.090625 0.09750566893424037