4 0.12705882352941175 0.5796875 0.25176470588235295 0.1453125
4 0.05529411764705883 0.69375 0.10588235294117647 0.215625
4 0.6552941176470588 0.61640625 0.5411764705882353 0.23125
4 0.6870588235294117 0.83828125 0.40705882352941175 0.1359375
4 0.56 0.74375 0.7976470588235294 0.1984375
4 0.5341176470588235 0.84609375 0.9317647058823529 0.2984375
4 0.831764705882353 0.44140625 0.08705882352941176 0.0640625
4 0.6611764705882353 0.53671875 0.10588235294117647 0.0453125
4 0.9647058823529412 0.6 0.07058823529411765 0.15
4 0.13647058823529412 0.51953125 0.27294117647058824 0.1109375
4 0.9176470588235294 0.7859375 0.16470588235294117 0.1375
4 0.35294117647058826 0.4640625 0.15529411764705883 0.09375
4 0.8870588235294118 0.5015625 0.15294117647058825 0.1140625