2 0.91171875 0.765625 0.175 0.4666666666666667
2 0.1453125 0.6416666666666667 0.0921875 0.07708333333333334
2 0.4671875 0.6239583333333333 0.0578125 0.06875
2 0.65546875 0.5864583333333333 0.0515625 0.06458333333333334
2 0.8734375 0.5958333333333333 0.05625 0.058333333333333334
2 0.31953125 0.6291666666666667 0.159375 0.09791666666666667
2 0.48359375 0.6072916666666667 0.078125 0.06458333333333334
1 0.7421875 0.5375 0.06875 0.12708333333333333
2 0.41796875 0.6166666666666667 0.0703125 0.07916666666666666
2 0.5328125 0.6135416666666667 0.0453125 0.058333333333333334
2 0.91875 0.6583333333333333 0.1625 0.26666666666666666
2 0.05234375 0.74375 0.1046875 0.08333333333333333
2 0.52890625 0.590625 0.05 0.0375
5 0.7828125 0.5833333333333334 0.065625 0.07916666666666666