0 0.78828125 0.8611764705882353 0.1375 0.13176470588235295
0 0.771875 0.7788235294117647 0.121875 0.12941176470588237
2 0.4859375 0.5976470588235294 0.10625 0.07764705882352942
2 0.40234375 0.5705882352941176 0.04375 0.03764705882352941
0 0.734375 0.6870588235294117 0.0359375 0.09411764705882353
5 0.215625 0.5470588235294118 0.0609375 0.1223529411764706
1 0.2140625 0.5505882352941176 0.0609375 0.12
2 0.7265625 0.5894117647058823 0.0328125 0.03764705882352941
2 0.69375 0.5964705882352941 0.0546875 0.04941176470588235
2 0.44921875 0.5611764705882353 0.0234375 0.023529411764705882
2 0.17578125 0.5447058823529412 0.025 0.03529411764705882