5 0.1296875 0.8958333333333334 0.2578125 0.20833333333333334
2 0.0484375 0.5760416666666667 0.0953125 0.08333333333333333
2 0.05234375 0.546875 0.1046875 0.06875
2 0.046875 0.525 0.09375 0.04583333333333333
2 0.92734375 0.47708333333333336 0.0625 0.0375
2 0.86953125 0.46770833333333334 0.0453125 0.03125
2 0.9625 0.4791666666666667 0.05625 0.04375
2 0.8171875 0.45729166666666665 0.05625 0.03125
2 0.0484375 0.5145833333333333 0.09375 0.04583333333333333
2 0.02890625 0.48854166666666665 0.05625 0.03333333333333333
2 0.88203125 0.46875 0.2359375 0.07083333333333333
2 0.88828125 0.46979166666666666 0.0546875 0.035416666666666666
2 0.7609375 0.4510416666666667 0.01875 0.010416666666666666
2 0.96875 0.44895833333333335 0.0609375 0.027083333333333334