2 0.2734375 0.42944038929440387 0.084375 0.0851581508515815
2 0.13828125 0.31873479318734793 0.09375 0.09245742092457421
2 0.3640625 0.5437956204379562 0.1421875 0.09975669099756691
1 0.69140625 0.5875912408759124 0.3796875 0.4768856447688564
1 0.07890625 0.24452554744525548 0.1515625 0.18004866180048662
1 0.26875 0.26763990267639903 0.1796875 0.19951338199513383
5 0.421875 0.45498783454987834 0.1484375 0.17761557177615572
5 0.4140625 0.1922141119221411 0.065625 0.07785888077858881
2 0.2609375 0.4927007299270073 0.1140625 0.09245742092457421
4 0.63828125 0.718978102189781 0.090625 0.0851581508515815
2 0.071875 0.5815085158150851 0.140625 0.1386861313868613
2 0.41875 0.23357664233576642 0.0578125 0.06326034063260341
2 0.36015625 0.2396593673965937 0.0140625 0.04866180048661801
2 0.3828125 0.14720194647201945 0.03125 0.031630170316301706
2 0.23671875 0.18613138686131386 0.046875 0.038929440389294405