0 0.13166666666666665 0.11777777777777777 0.15666666666666668 0.23555555555555555
0 0.2225 0.7988888888888889 0.44166666666666665 0.37777777777777777
0 0.16916666666666666 0.5177777777777778 0.13333333333333333 0.20444444444444446
2 0.5916666666666667 0.3422222222222222 0.20333333333333334 0.08
2 0.4241666666666667 0.3277777777777778 0.07833333333333334 0.08666666666666667
0 0.305 0.6288888888888889 0.25333333333333335 0.16666666666666666
0 0.5525 0.48777777777777775 0.27166666666666667 0.23333333333333334
0 0.6533333333333333 0.44222222222222224 0.10666666666666667 0.09777777777777778
0 0.9066666666666666 0.16777777777777778 0.13166666666666665 0.17333333333333334
0 0.31416666666666665 0.7333333333333333 0.34 0.30444444444444446
0 0.35833333333333334 0.87 0.16666666666666666 0.2222222222222222
0 0.18583333333333332 0.6722222222222223 0.14166666666666666 0.1288888888888889
5 0.24333333333333335 0.2733333333333333 0.11833333333333333 0.12444444444444444
0 0.31083333333333335 0.5855555555555556 0.195 0.1511111111111111