2 0.819 0.7866666666666666 0.302 0.26666666666666666
2 0.802 0.64 0.056 0.042666666666666665
2 0.661 0.636 0.042 0.06933333333333333
2 0.724 0.644 0.082 0.096
4 0.602 0.7013333333333334 0.152 0.14133333333333334
4 0.505 0.668 0.042 0.058666666666666666
2 0.64 0.6213333333333333 0.058 0.04533333333333334
2 0.603 0.6146666666666667 0.032 0.029333333333333333
2 0.932 0.6626666666666666 0.136 0.144
2 0.839 0.6253333333333333 0.056 0.032
2 0.408 0.624 0.038 0.032
1 0.725 0.592 0.1 0.12266666666666666
1 0.651 0.584 0.056 0.06133333333333333
4 0.439 0.632 0.018 0.032