2 0.5376470588235294 0.38203125 0.13411764705882354 0.0703125
4 0.6670588235294118 0.51484375 0.34352941176470586 0.1859375
1 0.4811764705882353 0.34453125 0.15294117647058825 0.0625
4 0.10588235294117647 0.42421875 0.07058823529411765 0.0671875
4 0.8470588235294118 0.43359375 0.08 0.0890625
4 0.23294117647058823 0.42578125 0.06352941176470588 0.065625
5 0.13294117647058823 0.36875 0.1623529411764706 0.1421875
2 0.27647058823529413 0.3890625 0.07529411764705882 0.06875
2 0.6529411764705882 0.346875 0.08 0.03125
4 0.43176470588235294 0.4375 0.08705882352941176 0.0734375
4 0.03529411764705882 0.4125 0.02588235294117647 0.0640625
5 0.37529411764705883 0.35546875 0.10352941176470588 0.05
2 0.33176470588235296 0.39921875 0.047058823529411764 0.0671875
2 0.5870588235294117 0.3546875 0.0611764705882353 0.015625