0 0.0734375 0.4270833333333333 0.14375 0.5395833333333333
2 0.45703125 0.153125 0.240625 0.28958333333333336
2 0.384375 0.04479166666666667 0.04375 0.07708333333333334
4 0.57578125 0.440625 0.79375 0.7229166666666667
2 0.5625 0.07916666666666666 0.03125 0.03333333333333333
2 0.7671875 0.121875 0.0359375 0.029166666666666667
2 0.7328125 0.11666666666666667 0.034375 0.03125
0 0.3078125 0.12604166666666666 0.0265625 0.11458333333333333
0 0.253125 0.10729166666666666 0.0578125 0.1
0 0.28671875 0.12395833333333334 0.034375 0.12708333333333333
0 0.2984375 0.121875 0.0203125 0.10416666666666667