5 0.63984375 0.7802083333333333 0.4015625 0.3875
5 0.2171875 0.5947916666666667 0.4171875 0.28958333333333336
5 0.603125 0.38958333333333334 0.221875 0.10625
5 0.23515625 0.41354166666666664 0.284375 0.12708333333333333
5 0.90859375 0.703125 0.18125 0.3229166666666667
5 0.7078125 0.434375 0.271875 0.125
2 0.48515625 0.34270833333333334 0.184375 0.10208333333333333
2 0.075 0.3385416666666667 0.146875 0.11041666666666666
2 0.26328125 0.2760416666666667 0.1046875 0.06666666666666667
2 0.3515625 0.3104166666666667 0.14375 0.06666666666666667
2 0.103125 0.38645833333333335 0.1953125 0.12291666666666666
2 0.3234375 0.28229166666666666 0.1265625 0.07916666666666666
5 0.3296875 0.20208333333333334 0.065625 0.06666666666666667
5 0.3640625 0.33541666666666664 0.140625 0.08333333333333333