5 0.5875 0.5083333333333333 0.825 0.45416666666666666
2 0.79296875 0.35 0.0625 0.025
2 0.21796875 0.34791666666666665 0.0515625 0.08958333333333333
2 0.61171875 0.290625 0.0703125 0.029166666666666667
2 0.31484375 0.2625 0.0484375 0.058333333333333334
2 0.7890625 0.3375 0.0875 0.035416666666666666
2 0.73046875 0.3385416666666667 0.059375 0.035416666666666666
2 0.95625 0.384375 0.04375 0.020833333333333332
2 0.68671875 0.3333333333333333 0.04375 0.03333333333333333
5 0.64296875 0.31354166666666666 0.04375 0.035416666666666666
2 0.8328125 0.3614583333333333 0.0921875 0.035416666666666666