0 0.165625 0.7133550488599348 0.2671875 0.4609120521172638
4 0.809375 0.745928338762215 0.38125 0.4495114006514658
2 0.1984375 0.5610749185667753 0.396875 0.3745928338762215
2 0.6640625 0.3754071661237785 0.15625 0.18729641693811075
2 0.9125 0.3721498371335505 0.1578125 0.14006514657980457
2 0.615625 0.3517915309446254 0.1765625 0.16612377850162866
2 0.43046875 0.4234527687296417 0.246875 0.19543973941368079
2 0.55078125 0.31433224755700323 0.0671875 0.10749185667752444
2 0.42890625 0.2785016286644951 0.103125 0.06351791530944625
2 0.95625 0.30130293159609123 0.0875 0.08143322475570032
2 0.91875 0.2662866449511401 0.1609375 0.08306188925081433
2 0.96953125 0.47068403908794787 0.0609375 0.26384364820846906
5 0.403125 0.23778501628664495 0.096875 0.050488599348534204
2 0.165625 0.30944625407166126 0.1375 0.12214983713355049
2 0.33359375 0.34609120521172637 0.1671875 0.08306188925081433
2 0.1421875 0.23859934853420195 0.0671875 0.03908794788273615