2 0.13359375 0.9227166276346604 0.2546875 0.1288056206088993
2 0.90859375 0.8992974238875878 0.1828125 0.1451990632318501
2 0.37265625 0.8665105386416861 0.05 0.03278688524590164
2 0.428125 0.8782201405152225 0.08125 0.05620608899297424
2 0.32578125 0.8629976580796253 0.0390625 0.05152224824355972
2 0.06640625 0.968384074941452 0.1265625 0.06088992974238876
2 0.7625 0.8489461358313818 0.065625 0.04215456674473068
2 0.18125 0.8512880562060889 0.0171875 0.03278688524590164
2 0.2359375 0.8747072599531616 0.0765625 0.07494145199063232
2 0.834375 0.8489461358313818 0.01875 0.02810304449648712
2 0.134375 0.8536299765807962 0.0140625 0.02107728337236534