2 0.02109375 0.6489583333333333 0.0421875 0.06458333333333334
2 0.1578125 0.6416666666666667 0.05 0.041666666666666664
2 0.51953125 0.640625 0.075 0.03333333333333333
2 0.12578125 0.6291666666666667 0.0234375 0.014583333333333334
2 0.5953125 0.64375 0.06875 0.022916666666666665
2 0.103125 0.6322916666666667 0.0359375 0.014583333333333334
2 0.92265625 0.6354166666666666 0.0890625 0.029166666666666667
2 0.35 0.625 0.0125 0.01875
2 0.44140625 0.646875 0.0796875 0.027083333333333334
2 0.04609375 0.6270833333333333 0.015625 0.014583333333333334
2 0.19375 0.6322916666666667 0.025 0.014583333333333334
2 0.21015625 0.6364583333333333 0.015625 0.022916666666666665