4 0.7484375 0.8711453744493393 0.4953125 0.21585903083700442
4 0.80703125 0.6343612334801763 0.3859375 0.3964757709251101
4 0.64453125 0.5440528634361234 0.353125 0.32158590308370044
4 0.61484375 0.4196035242290749 0.23125 0.13656387665198239
4 0.46484375 0.2907488986784141 0.0640625 0.09911894273127753
4 0.4125 0.3237885462555066 0.046875 0.14537444933920704
4 0.8953125 0.3722466960352423 0.0640625 0.048458149779735685
4 0.77734375 0.3392070484581498 0.0921875 0.08370044052863436
4 0.68984375 0.3601321585903084 0.1234375 0.11013215859030837
4 0.5109375 0.31938325991189426 0.03125 0.09251101321585903
4 0.86328125 0.4063876651982379 0.171875 0.15418502202643172