2 0.11484375 0.6020833333333333 0.1078125 0.075
2 0.55625 0.5854166666666667 0.084375 0.04583333333333333
2 0.41640625 0.5864583333333333 0.078125 0.04583333333333333
2 0.28203125 0.60625 0.0578125 0.06666666666666667
2 0.86640625 0.5916666666666667 0.015625 0.029166666666666667
2 0.90703125 0.5916666666666667 0.03125 0.029166666666666667
2 0.95078125 0.59375 0.0328125 0.029166666666666667
5 0.5125 0.565625 0.1125 0.06458333333333334
2 0.6640625 0.584375 0.0359375 0.027083333333333334
2 0.83359375 0.590625 0.015625 0.025
2 0.6359375 0.5854166666666667 0.025 0.020833333333333332