2 0.1203125 0.6020833333333333 0.240625 0.14791666666666667
2 0.5046875 0.540625 0.0578125 0.035416666666666666
2 0.88984375 0.6010416666666667 0.2203125 0.1125
2 0.4515625 0.58125 0.1015625 0.07708333333333334
2 0.50078125 0.5697916666666667 0.0703125 0.06458333333333334
2 0.5453125 0.553125 0.0375 0.041666666666666664
2 0.5640625 0.5479166666666667 0.0328125 0.03958333333333333
2 0.215625 0.5802083333333333 0.140625 0.10416666666666667
2 0.6078125 0.5177083333333333 0.0171875 0.014583333333333334
2 0.378125 0.5447916666666667 0.05 0.03125
2 0.4546875 0.5354166666666667 0.0234375 0.014583333333333334
5 0.57890625 0.534375 0.0453125 0.052083333333333336
5 0.3109375 0.5770833333333333 0.1984375 0.12083333333333333
2 0.65 0.5916666666666667 0.2859375 0.13333333333333333