0 0.244 0.6653333333333333 0.102 0.23733333333333334
2 0.068 0.4826666666666667 0.076 0.06133333333333333
2 0.154 0.4706666666666667 0.046 0.04
2 0.178 0.46 0.052 0.050666666666666665
2 0.217 0.4613333333333333 0.028 0.032
2 0.121 0.4786666666666667 0.062 0.058666666666666666
2 0.248 0.46 0.03 0.029333333333333333
2 0.3 0.4533333333333333 0.012 0.018666666666666668
2 0.268 0.4573333333333333 0.022 0.024
2 0.288 0.45466666666666666 0.014 0.018666666666666668
2 0.312 0.452 0.014 0.018666666666666668