2 0.319 0.8029850746268656 0.108 0.1253731343283582
2 0.397 0.7701492537313432 0.08 0.09850746268656717
2 0.042 0.8492537313432836 0.084 0.1373134328358209
2 0.988 0.7582089552238805 0.024 0.06865671641791045
2 0.87 0.7164179104477612 0.042 0.04776119402985075
5 0.318 0.6970149253731344 0.148 0.1701492537313433
5 0.168 0.8313432835820895 0.218 0.20597014925373133
2 0.462 0.7149253731343284 0.042 0.020895522388059702
2 0.909 0.7313432835820896 0.038 0.04477611940298507
2 0.951 0.7328358208955223 0.06 0.07761194029850746
2 0.454 0.7522388059701492 0.064 0.06567164179104477
2 0.583 0.7089552238805971 0.028 0.029850746268656716