0 0.724 0.37833827893175076 0.148 0.10682492581602374
0 0.656 0.7359050445103857 0.176 0.10979228486646884
0 0.681 0.6765578635014837 0.134 0.11275964391691394
1 0.454 0.6023738872403561 0.858 0.3293768545994065
0 0.893 0.6899109792284867 0.036 0.0712166172106825
0 0.923 0.6795252225519288 0.058 0.10089020771513353
0 0.409 0.37388724035608306 0.046 0.05341246290801187
0 0.387 0.37537091988130566 0.042 0.05341246290801187
0 0.364 0.37833827893175076 0.05 0.050445103857566766
0 0.34 0.38130563798219586 0.044 0.04747774480712166
0 0.317 0.38130563798219586 0.03 0.04747774480712166