1 0.7734375 0.38497652582159625 0.134375 0.05868544600938967
1 0.65546875 0.392018779342723 0.1046875 0.04929577464788732
1 0.97890625 0.3873239436619718 0.0421875 0.08685446009389672
1 0.92734375 0.38615023474178406 0.0703125 0.07042253521126761
1 0.86875 0.36384976525821594 0.05625 0.018779342723004695
1 0.871875 0.3967136150234742 0.0421875 0.056338028169014086
1 0.8453125 0.3955399061032864 0.0390625 0.0539906103286385
4 0.1109375 0.7265258215962441 0.215625 0.5211267605633803
4 0.30234375 0.573943661971831 0.0609375 0.2136150234741784
4 0.21171875 0.5657276995305164 0.0484375 0.11502347417840375
4 0.24140625 0.5082159624413145 0.0359375 0.10093896713615023
4 0.746875 0.4964788732394366 0.06875 0.10093896713615023
4 0.93984375 0.5410798122065728 0.1203125 0.1643192488262911
4 0.65 0.4424882629107981 0.0125 0.04225352112676056
4 0.41796875 0.7617370892018779 0.159375 0.47183098591549294
4 0.34375 0.5093896713615024 0.0421875 0.10093896713615023
4 0.3265625 0.7946009389671361 0.2609375 0.323943661971831
4 0.6984375 0.44366197183098594 0.034375 0.0539906103286385
4 0.35390625 0.44366197183098594 0.0171875 0.04225352112676056
1 0.59375 0.392018779342723 0.0234375 0.028169014084507043
4 0.32265625 0.460093896713615 0.0421875 0.03051643192488263
1 0.578125 0.397887323943662 0.009375 0.014084507042253521