2 0.58515625 0.9479166666666666 0.0296875 0.03333333333333333
2 0.53828125 0.925 0.01875 0.016666666666666666
2 0.71328125 0.9729166666666667 0.0515625 0.052083333333333336
2 0.69921875 0.9583333333333334 0.046875 0.06041666666666667
2 0.571875 0.9 0.0140625 0.014583333333333334
1 0.6359375 0.928125 0.0296875 0.058333333333333334
5 0.1984375 0.953125 0.0703125 0.09166666666666666
2 0.11484375 0.978125 0.021875 0.041666666666666664
2 0.54765625 0.91875 0.0125 0.016666666666666666
2 0.57421875 0.9291666666666667 0.021875 0.020833333333333332
2 0.1359375 0.9708333333333333 0.0453125 0.052083333333333336