2 0.09296875 0.45550351288056207 0.0171875 0.0234192037470726
2 0.1171875 0.45784543325526933 0.0296875 0.01639344262295082
2 0.203125 0.45550351288056207 0.03125 0.01873536299765808
2 0.2859375 0.4519906323185012 0.0265625 0.01873536299765808
2 0.5 0.4484777517564403 0.025 0.01873536299765808
2 0.70078125 0.44028103044496486 0.028125 0.02107728337236534
2 0.7234375 0.4426229508196721 0.0203125 0.01405152224824356
2 0.02421875 0.46252927400468385 0.0203125 0.01405152224824356
2 0.171875 0.45433255269320844 0.03125 0.0234192037470726
2 0.2609375 0.4519906323185012 0.0328125 0.02576112412177986
2 0.475 0.44730679156908665 0.0265625 0.0234192037470726
2 0.56796875 0.4449648711943794 0.0328125 0.0234192037470726
2 0.74140625 0.43911007025761123 0.025 0.01639344262295082
5 0.65078125 0.4426229508196721 0.0359375 0.0234192037470726
5 0.478125 0.4484777517564403 0.03125 0.01639344262295082