0 0.59453125 0.6079691516709511 0.0390625 0.12339331619537275
0 0.6484375 0.6066838046272494 0.040625 0.12853470437017994
2 0.14609375 0.7827763496143959 0.153125 0.17994858611825193
2 0.70546875 0.5539845758354756 0.05625 0.06683804627249357
2 0.634375 0.7583547557840618 0.1265625 0.1953727506426735
2 0.93828125 0.7570694087403599 0.11875 0.13367609254498714
2 0.815625 0.7223650385604113 0.05 0.08740359897172237
1 0.109375 0.3097686375321337 0.034375 0.056555269922879174
2 0.4515625 0.7647814910025706 0.1171875 0.2262210796915167
2 0.7625 0.7146529562982005 0.08125 0.05912596401028278
2 0.89296875 0.7223650385604113 0.1078125 0.17223650385604114
2 0.33828125 0.7724935732647815 0.046875 0.16709511568123395
2 0.390625 0.7570694087403599 0.0953125 0.2133676092544987
2 0.75703125 0.7634961439588689 0.0921875 0.11053984575835475
2 0.53046875 0.39845758354755784 0.0625 0.08997429305912596
4 0.5546875 0.8161953727506427 0.0484375 0.10025706940874037
2 0.98984375 0.7107969151670951 0.0203125 0.04627249357326478
4 0.51328125 0.8161953727506427 0.0390625 0.11053984575835475