2 0.3203125 0.3384433962264151 0.015625 0.018867924528301886
2 0.346875 0.3384433962264151 0.0171875 0.01650943396226415
2 0.29375 0.33608490566037735 0.0203125 0.02122641509433962
2 0.67265625 0.28537735849056606 0.015625 0.014150943396226415
2 0.70390625 0.2783018867924528 0.0078125 0.01650943396226415
2 0.69921875 0.2606132075471698 0.0125 0.014150943396226415
2 0.7453125 0.26297169811320753 0.0125 0.01179245283018868
2 0.55 0.2971698113207547 0.0125 0.01179245283018868
2 0.24140625 0.35141509433962265 0.0171875 0.018867924528301886
2 0.5640625 0.29952830188679247 0.0125 0.007075471698113208
2 0.1265625 0.30542452830188677 0.021875 0.014150943396226415
2 0.05546875 0.31721698113207547 0.028125 0.01650943396226415