4 0.22421875 0.5336538461538461 0.4109375 0.6666666666666666
4 0.5078125 0.4519230769230769 0.19375 0.5032051282051282
4 0.59140625 0.4326923076923077 0.16875 0.47435897435897434
4 0.65546875 0.4551282051282051 0.096875 0.358974358974359
4 0.684375 0.40705128205128205 0.11875 0.40064102564102566
4 0.73203125 0.36378205128205127 0.1421875 0.40705128205128205
4 0.7640625 0.34615384615384615 0.1046875 0.3301282051282051
4 0.7984375 0.375 0.08125 0.23717948717948717
4 0.43515625 0.46794871794871795 0.184375 0.5288461538461539
4 0.3859375 0.5448717948717948 0.165625 0.5512820512820513
4 0.42734375 0.5336538461538461 0.15 0.5224358974358975
4 0.834375 0.3717948717948718 0.0859375 0.23076923076923078
4 0.86640625 0.34615384615384615 0.090625 0.23717948717948717