2 0.603125 0.59296875 0.23541666666666666 0.13125
2 0.08541666666666667 0.55859375 0.17083333333333334 0.0984375
2 0.703125 0.5578125 0.14791666666666667 0.090625
2 0.7364583333333333 0.54296875 0.11458333333333333 0.09375
2 0.23958333333333334 0.54140625 0.14791666666666667 0.0765625
2 0.55625 0.4984375 0.10208333333333333 0.0546875
2 0.6322916666666667 0.49140625 0.03958333333333333 0.0375
2 0.3145833333333333 0.53203125 0.10625 0.06875
2 0.021875 0.57734375 0.041666666666666664 0.0921875
2 0.671875 0.575 0.1625 0.1109375
2 0.7583333333333333 0.51015625 0.09375 0.053125
2 0.796875 0.5109375 0.07916666666666666 0.0578125
2 0.8270833333333333 0.475 0.05416666666666667 0.0296875