2 0.38203125 0.6530398322851153 0.1265625 0.09643605870020965
2 0.28125 0.6509433962264151 0.1140625 0.09224318658280922
2 0.484375 0.6341719077568134 0.08125 0.07127882599580712
2 0.53671875 0.629979035639413 0.0484375 0.0649895178197065
2 0.34765625 0.610062893081761 0.0609375 0.04612159329140461
2 0.4453125 0.6174004192872118 0.0390625 0.0440251572327044
1 0.6328125 0.6027253668763103 0.1515625 0.1488469601677149
1 0.14375 0.6132075471698113 0.265625 0.1719077568134172
1 0.46640625 0.5765199161425576 0.109375 0.041928721174004195
2 0.4109375 0.6027253668763103 0.0375 0.016771488469601678
2 0.54609375 0.59958071278826 0.034375 0.033542976939203356