2 0.2671875 0.7581967213114754 0.44375 0.2923497267759563
2 0.446875 0.7540983606557377 0.2421875 0.226775956284153
2 0.49140625 0.7581967213114754 0.2984375 0.2459016393442623
2 0.76171875 0.7663934426229508 0.3203125 0.2103825136612022
2 0.55703125 0.7609289617486339 0.278125 0.23497267759562843
2 0.62578125 0.7622950819672131 0.2453125 0.226775956284153
2 0.63125 0.6407103825136612 0.196875 0.05737704918032787
4 0.4078125 0.32650273224043713 0.1265625 0.2786885245901639
5 0.44765625 0.6024590163934426 0.1484375 0.08743169398907104
2 0.57890625 0.4726775956284153 0.20625 0.09836065573770492
5 0.41640625 0.47404371584699456 0.10625 0.07650273224043716