2 0.3546875 0.3519736842105263 0.0609375 0.039473684210526314
2 0.12109375 0.36403508771929827 0.0625 0.06359649122807018
2 0.53359375 0.34868421052631576 0.040625 0.039473684210526314
2 0.10078125 0.3432017543859649 0.0609375 0.039473684210526314
2 0.375 0.34100877192982454 0.046875 0.015350877192982455
2 0.140625 0.3256578947368421 0.0375 0.017543859649122806
2 0.6078125 0.4100877192982456 0.184375 0.10307017543859649
2 0.078125 0.32894736842105265 0.0203125 0.021929824561403508
2 0.3578125 0.3333333333333333 0.0234375 0.015350877192982455
2 0.4296875 0.34978070175438597 0.090625 0.05263157894736842
2 0.2171875 0.3475877192982456 0.0484375 0.03728070175438596
5 0.0421875 0.32456140350877194 0.0375 0.03728070175438596
2 0.31171875 0.3432017543859649 0.034375 0.04824561403508772