2 0.07578125 0.7637889688249401 0.1515625 0.44844124700239807
2 0.909375 0.7565947242206235 0.1 0.08633093525179857
5 0.26953125 0.8752997601918465 0.2890625 0.24940047961630696
5 0.81484375 0.7649880095923262 0.2390625 0.18705035971223022
2 0.3765625 0.6918465227817746 0.040625 0.03597122302158273
2 0.3703125 0.709832134292566 0.0359375 0.047961630695443645
2 0.22734375 0.7242206235011991 0.06875 0.05275779376498801
2 0.740625 0.7086330935251799 0.028125 0.02877697841726619
5 0.90859375 0.7577937649880095 0.10625 0.10311750599520383
5 0.97265625 0.7613908872901679 0.05 0.07194244604316546
2 0.94765625 0.7074340527577938 0.0296875 0.03357314148681055
2 0.715625 0.6966426858513189 0.0140625 0.016786570743405275