5 0.309375 0.4964705882352941 0.115625 0.16705882352941176
5 0.14296875 0.5788235294117647 0.134375 0.1811764705882353
5 0.66484375 0.2741176470588235 0.0515625 0.1011764705882353
2 0.64453125 0.43529411764705883 0.0734375 0.08941176470588236
2 0.68671875 0.3811764705882353 0.05 0.06352941176470588
2 0.8078125 0.24588235294117647 0.028125 0.03529411764705882
2 0.8171875 0.23294117647058823 0.0265625 0.03764705882352941
2 0.87109375 0.1635294117647059 0.0171875 0.021176470588235293
2 0.87890625 0.15294117647058825 0.015625 0.018823529411764704
2 0.94375 0.09058823529411765 0.0234375 0.01411764705882353
2 0.846875 0.12352941176470589 0.0171875 0.01647058823529412
2 0.984375 0.09176470588235294 0.0234375 0.01647058823529412
2 0.95859375 0.09058823529411765 0.021875 0.01647058823529412
2 0.93671875 0.08941176470588236 0.021875 0.01411764705882353
2 0.896875 0.08823529411764706 0.0234375 0.018823529411764704
2 0.9125 0.08941176470588236 0.0171875 0.01647058823529412