1 0.59296875 0.46938775510204084 0.8109375 0.9297052154195011
0 0.3515625 0.7528344671201814 0.028125 0.11791383219954649
0 0.05859375 0.6496598639455783 0.1171875 0.14058956916099774
0 0.6234375 0.7505668934240363 0.1875 0.30158730158730157
0 0.18046875 0.7029478458049887 0.15 0.1836734693877551
0 0.43125 0.7301587301587301 0.1453125 0.24263038548752835
0 0.3078125 0.7188208616780045 0.0859375 0.19047619047619047
0 0.9703125 0.844671201814059 0.059375 0.31065759637188206
0 0.5390625 0.7551020408163265 0.1375 0.23809523809523808
0 0.1140625 0.6927437641723356 0.040625 0.1564625850340136
0 0.2609375 0.6950113378684807 0.046875 0.16326530612244897