2 0.243 0.22340425531914893 0.108 0.1574468085106383
2 0.526 0.33191489361702126 0.236 0.1574468085106383
5 0.111 0.225531914893617 0.22 0.31063829787234043
5 0.862 0.24468085106382978 0.276 0.33617021276595743
4 0.123 0.6638297872340425 0.154 0.39148936170212767
4 0.336 0.6787234042553192 0.186 0.3446808510638298
4 0.522 0.6531914893617021 0.128 0.37446808510638296
4 0.642 0.6659574468085107 0.104 0.3659574468085106
4 0.784 0.6170212765957447 0.162 0.4297872340425532
5 0.469 0.26170212765957446 0.258 0.1574468085106383
2 0.649 0.3638297872340426 0.134 0.2
4 0.907 0.6510638297872341 0.084 0.3829787234042553
4 0.968 0.6446808510638298 0.064 0.33617021276595743
4 0.73 0.625531914893617 0.08 0.3021276595744681
4 0.558 0.5659574468085107 0.048 0.17872340425531916