2 0.365625 0.5128504672897196 0.065625 0.0630841121495327
2 0.1453125 0.4672897196261682 0.01875 0.028037383177570093
2 0.1234375 0.4649532710280374 0.009375 0.016355140186915886
1 0.703125 0.4661214953271028 0.59375 0.5584112149532711
0 0.3265625 0.6226635514018691 0.040625 0.1261682242990654
0 0.26484375 0.5899532710280374 0.034375 0.0911214953271028
0 0.215625 0.5514018691588785 0.015625 0.05841121495327103
0 0.19296875 0.5362149532710281 0.015625 0.05841121495327103
0 0.16953125 0.5362149532710281 0.01875 0.04906542056074766
0 0.15234375 0.5116822429906542 0.01875 0.03271028037383177
0 0.12578125 0.5257009345794392 0.015625 0.035046728971962614
0 0.615625 0.7009345794392523 0.1046875 0.24065420560747663
0 0.23984375 0.5712616822429907 0.021875 0.0630841121495327
0 0.09140625 0.5011682242990654 0.00625 0.016355140186915886
0 0.28984375 0.4953271028037383 0.021875 0.02570093457943925
2 0.11796875 0.4614485981308411 0.00625 0.014018691588785047
2 0.17890625 0.45794392523364486 0.0234375 0.014018691588785047