2 0.26328125 0.49027777777777776 0.190625 0.17222222222222222
2 0.60546875 0.46944444444444444 0.0390625 0.06111111111111111
2 0.55625 0.45416666666666666 0.0828125 0.1
2 0.8390625 0.46944444444444444 0.0171875 0.022222222222222223
2 0.67578125 0.46805555555555556 0.0171875 0.041666666666666664
4 0.53515625 0.5569444444444445 0.0828125 0.20277777777777778
5 0.44140625 0.46805555555555556 0.1546875 0.1527777777777778
4 0.41328125 0.5180555555555556 0.0828125 0.19444444444444445
4 0.6359375 0.5194444444444445 0.034375 0.08611111111111111
4 0.703125 0.4986111111111111 0.021875 0.05277777777777778
4 0.728125 0.4708333333333333 0.009375 0.04722222222222222
4 0.76875 0.4791666666666667 0.009375 0.03611111111111111
4 0.8015625 0.4791666666666667 0.0109375 0.030555555555555555
4 0.78828125 0.4777777777777778 0.0125 0.03888888888888889
4 0.69140625 0.4736111111111111 0.021875 0.06111111111111111
2 0.83046875 0.46111111111111114 0.0078125 0.016666666666666666