0 0.23203125 0.6194379391100703 0.19375 0.37236533957845436
0 0.41328125 0.6814988290398126 0.175 0.6159250585480094
0 0.7328125 0.6920374707259953 0.528125 0.5925058548009368
0 0.81640625 0.7049180327868853 0.3671875 0.5901639344262295
0 0.23203125 0.4297423887587822 0.1359375 0.15456674473067916
0 0.48515625 0.7611241217798594 0.20625 0.45901639344262296
0 0.30625 0.5339578454332553 0.2375 0.2576112412177986
0 0.2328125 0.4918032786885246 0.078125 0.16159250585480095
0 0.2046875 0.531615925058548 0.1046875 0.20140515222482436
0 0.334375 0.5070257611241218 0.1046875 0.09836065573770492
0 0.6171875 0.8056206088992974 0.328125 0.3864168618266979
0 0.27578125 0.5163934426229508 0.228125 0.13348946135831383
0 0.23984375 0.47540983606557374 0.1515625 0.16159250585480095