2 0.3046875 0.7395833333333334 0.0953125 0.08541666666666667
2 0.57421875 0.7385416666666667 0.0546875 0.06041666666666667
2 0.4703125 0.7229166666666667 0.03125 0.027083333333333334
2 0.51875 0.721875 0.021875 0.022916666666666665
2 0.4125 0.7395833333333334 0.0140625 0.035416666666666666
2 0.70078125 0.74375 0.0765625 0.09375
2 0.6484375 0.73125 0.0515625 0.05625
2 0.60234375 0.7208333333333333 0.01875 0.020833333333333332
2 0.490625 0.721875 0.015625 0.025
5 0.36796875 0.725 0.075 0.08958333333333333
5 0.596875 0.6927083333333334 0.0140625 0.025
5 0.5640625 0.7114583333333333 0.0625 0.08333333333333333
2 0.49921875 0.71875 0.0140625 0.022916666666666665