5 0.35234375 0.4844961240310077 0.4125 0.627906976744186
5 0.66171875 0.5891472868217055 0.4078125 0.7906976744186046
5 0.134375 0.4405684754521964 0.265625 0.4392764857881137
5 0.55078125 0.20801033591731266 0.1421875 0.12919896640826872
5 0.34140625 0.19896640826873385 0.1015625 0.09043927648578812
5 0.934375 0.34108527131782945 0.13125 0.40568475452196384
5 0.42890625 0.18992248062015504 0.121875 0.08785529715762273
5 0.57890625 0.09819121447028424 0.01875 0.0103359173126615
5 0.61484375 0.17829457364341086 0.071875 0.1343669250645995
5 0.7046875 0.10981912144702842 0.075 0.028423772609819122
5 0.52421875 0.13695090439276486 0.0578125 0.028423772609819122
5 0.56796875 0.1111111111111111 0.040625 0.012919896640826873
5 0.7 0.1744186046511628 0.1078125 0.07235142118863049