2 0.2578125 0.8266978922716628 0.175 0.1873536299765808
2 0.4296875 0.7728337236533958 0.1171875 0.13348946135831383
2 0.69375 0.8864168618266979 0.4046875 0.22716627634660422
2 0.853125 0.797423887587822 0.165625 0.1686182669789227
2 0.93046875 0.7822014051522248 0.0859375 0.117096018735363
2 0.94140625 0.7587822014051522 0.0984375 0.11007025761124122
2 0.31953125 0.747072599531616 0.0375 0.05152224824355972
2 0.5515625 0.7599531615925058 0.0546875 0.06557377049180328
4 0.50546875 0.7669789227166276 0.0328125 0.06791569086651054
5 0.06875 0.7224824355971897 0.059375 0.10772833723653395
2 0.0953125 0.7634660421545667 0.0625 0.0702576112412178
2 0.17578125 0.7576112412177985 0.05625 0.07259953161592506
2 0.1734375 0.927400468384075 0.346875 0.14285714285714285
5 0.690625 0.7552693208430913 0.20625 0.1405152224824356
2 0.5953125 0.7412177985948478 0.04375 0.0468384074941452