5 0.60234375 0.24375 0.44375 0.22291666666666668
2 0.8421875 0.7260416666666667 0.315625 0.3875
2 0.18125 0.309375 0.1234375 0.075
5 0.22421875 0.23854166666666668 0.1546875 0.12708333333333333
5 0.03203125 0.2552083333333333 0.0640625 0.06458333333333334
5 0.08046875 0.23854166666666668 0.0703125 0.05
2 0.93828125 0.50625 0.1234375 0.09583333333333334
2 0.88984375 0.4270833333333333 0.2203125 0.14166666666666666
2 0.4625 0.32708333333333334 0.1625 0.09166666666666666
2 0.2515625 0.4125 0.2125 0.14375
2 0.29375 0.334375 0.15 0.09791666666666667
2 0.3390625 0.29791666666666666 0.08125 0.06666666666666667
2 0.06875 0.30833333333333335 0.1265625 0.10833333333333334
2 0.66015625 0.45 0.284375 0.21041666666666667
2 0.453125 0.49895833333333334 0.2953125 0.2604166666666667
2 0.6 0.35 0.175 0.05416666666666667
2 0.084375 0.24166666666666667 0.0609375 0.05416666666666667