2 0.98828125 0.12715105162523901 0.0234375 0.04780114722753346
2 0.9546875 0.12523900573613767 0.0578125 0.03824091778202677
2 0.93828125 0.11950286806883365 0.065625 0.03824091778202677
2 0.034375 0.22657743785850862 0.0640625 0.15678776290630975
2 0.89453125 0.11376673040152964 0.059375 0.04206500956022945
4 0.40703125 0.4588910133843212 0.53125 0.5353728489483748
5 0.49375 0.20650095602294455 0.6625 0.2734225621414914
2 0.0390625 0.11663479923518165 0.0515625 0.017208413001912046
2 0.0875 0.14053537284894838 0.146875 0.05162523900573614
2 0.97109375 0.12906309751434034 0.0234375 0.030592734225621414
4 0.42109375 0.3441682600382409 0.2375 0.18546845124282982
1 0.78359375 0.1147227533460803 0.1734375 0.08604206500956023
2 0.68359375 0.0994263862332696 0.025 0.015296367112810707