2 0.5379506641366224 0.909375 0.08538899430740038 0.025
2 0.6793168880455408 0.90625 0.06451612903225806 0.028125
2 0.7371916508538899 0.9015625 0.06072106261859583 0.0265625
2 0.18311195445920303 0.91484375 0.06641366223908918 0.021875
2 0.6347248576850095 0.90390625 0.04174573055028463 0.0296875
2 0.8368121442125237 0.903125 0.03984819734345351 0.021875
2 0.05787476280834915 0.91640625 0.07020872865275142 0.025
2 0.8026565464895635 0.90390625 0.03225806451612903 0.0203125
2 0.1432637571157495 0.91328125 0.05502846299810247 0.0234375
2 0.1015180265654649 0.91484375 0.03795066413662239 0.0234375
2 0.7751423149905123 0.9046875 0.022770398481973434 0.015625