2 0.15625 0.5772626931567328 0.065625 0.11920529801324503
2 0.2734375 0.5838852097130243 0.0703125 0.09492273730684327
2 0.5671875 0.5982339955849889 0.0171875 0.03532008830022075
2 0.2109375 0.5706401766004415 0.0578125 0.059602649006622516
2 0.32578125 0.5905077262693157 0.0296875 0.052980132450331126
2 0.375 0.6059602649006622 0.03125 0.024282560706401765
2 0.5953125 0.5894039735099338 0.040625 0.05739514348785872
2 0.315625 0.5121412803532008 0.0203125 0.2185430463576159
2 0.0734375 0.5772626931567328 0.146875 0.1479028697571744
2 0.34453125 0.6037527593818984 0.0171875 0.037527593818984545
2 0.2609375 0.5905077262693157 0.0515625 0.08609271523178808
2 0.3515625 0.5949227373068433 0.028125 0.052980132450331126