4 0.968 0.6426666666666667 0.064 0.16266666666666665
4 0.459 0.8173333333333334 0.13 0.3333333333333333
0 0.132 0.624 0.188 0.168
0 0.196 0.5946666666666667 0.078 0.104
0 0.309 0.49866666666666665 0.102 0.12266666666666666
0 0.744 0.5773333333333334 0.102 0.13066666666666665
0 0.88 0.4666666666666667 0.064 0.058666666666666666
0 0.216 0.5733333333333334 0.076 0.11733333333333333
0 0.243 0.5493333333333333 0.106 0.12533333333333332
0 0.486 0.528 0.164 0.12533333333333332
0 0.955 0.5533333333333333 0.09 0.11733333333333333
0 0.572 0.6413333333333333 0.15 0.104
0 0.431 0.5506666666666666 0.08 0.072
0 0.367 0.7546666666666667 0.14 0.29333333333333333
0 0.647 0.436 0.074 0.024