5 0.034375 0.43645833333333334 0.0578125 0.027083333333333334
2 0.8078125 0.54375 0.059375 0.05
2 0.88359375 0.5447916666666667 0.053125 0.04791666666666667
2 0.9625 0.5447916666666667 0.071875 0.052083333333333336
2 0.56875 0.5416666666666666 0.090625 0.03958333333333333
2 0.5171875 0.5427083333333333 0.0421875 0.035416666666666666
2 0.42890625 0.54375 0.0328125 0.027083333333333334
2 0.40546875 0.5479166666666667 0.0171875 0.016666666666666666
2 0.3546875 0.5416666666666666 0.03125 0.027083333333333334
2 0.28828125 0.5375 0.04375 0.035416666666666666
2 0.4359375 0.5447916666666667 0.0265625 0.027083333333333334
2 0.6796875 0.5416666666666666 0.0578125 0.04375
2 0.49375 0.54375 0.034375 0.03333333333333333
2 0.46171875 0.54375 0.040625 0.03125