2 0.16627634660421545 0.36640625 0.24121779859484777 0.109375
2 0.617096018735363 0.32890625 0.06791569086651054 0.034375
2 0.5023419203747073 0.33359375 0.1288056206088993 0.0578125
4 0.45901639344262296 0.746875 0.9180327868852459 0.48125
4 0.6053864168618267 0.58828125 0.6744730679156908 0.29375
4 0.6967213114754098 0.52734375 0.5597189695550351 0.175
4 0.4297423887587822 0.63125 0.8571428571428571 0.375
4 0.7166276346604216 0.4671875 0.5035128805620609 0.1359375
1 0.7400468384074942 0.3046875 0.07728337236533958 0.08125
1 0.6088992974238876 0.3 0.10304449648711944 0.0453125
5 0.7786885245901639 0.33125 0.08430913348946135 0.084375
2 0.6838407494145199 0.325 0.03278688524590164 0.021875