2 0.921875 0.5199063231850117 0.0765625 0.08899297423887588
2 0.78671875 0.5152224824355972 0.075 0.07728337236533958
2 0.67578125 0.47306791569086654 0.0265625 0.03981264637002342
2 0.8703125 0.5117096018735363 0.0484375 0.06791569086651054
2 0.03515625 0.5175644028103045 0.0671875 0.17798594847775176
2 0.73203125 0.48360655737704916 0.0359375 0.04215456674473068
2 0.8390625 0.5070257611241218 0.0421875 0.06323185011709602
2 0.98046875 0.48243559718969553 0.0375 0.02107728337236534
2 0.796875 0.4637002341920375 0.03125 0.02810304449648712
2 0.7609375 0.4672131147540984 0.0234375 0.03747072599531616
2 0.5734375 0.4484777517564403 0.0234375 0.02107728337236534