2 0.046 0.6981981981981982 0.078 0.0960960960960961
2 0.323 0.496996996996997 0.032 0.05405405405405406
2 0.421 0.42792792792792794 0.016 0.03303303303303303
5 0.204 0.5705705705705706 0.044 0.08408408408408409
5 0.437 0.4144144144144144 0.02 0.036036036036036036
2 0.479 0.3918918918918919 0.012 0.024024024024024024
2 0.485 0.38738738738738737 0.012 0.021021021021021023
2 0.389 0.4594594594594595 0.014 0.03903903903903904
2 0.458 0.4009009009009009 0.018 0.024024024024024024
2 0.467 0.3963963963963964 0.014 0.02702702702702703
2 0.515 0.36786786786786785 0.016 0.018018018018018018