2 0.16171875 0.5318627450980392 0.284375 0.24509803921568626
2 0.49375 0.4803921568627451 0.159375 0.1568627450980392
2 0.53046875 0.3909313725490196 0.1171875 0.10049019607843138
5 0.83359375 0.30514705882352944 0.16875 0.2426470588235294
5 0.56171875 0.22916666666666666 0.0734375 0.0784313725490196
5 0.4875 0.05024509803921569 0.19375 0.058823529411764705
2 0.6609375 0.36764705882352944 0.084375 0.09803921568627451
2 0.59609375 0.3431372549019608 0.059375 0.06372549019607843
2 0.0640625 0.30269607843137253 0.0828125 0.041666666666666664
2 0.46328125 0.25857843137254904 0.03125 0.029411764705882353
5 0.77109375 0.4056372549019608 0.11875 0.14950980392156862
5 0.15859375 0.5343137254901961 0.2828125 0.2426470588235294
5 0.41640625 0.3112745098039216 0.1203125 0.08088235294117647
5 0.53203125 0.38848039215686275 0.125 0.11274509803921569
5 0.9234375 0.23774509803921567 0.05 0.09558823529411764
5 0.4625 0.23284313725490197 0.103125 0.0857843137254902
5 0.35859375 0.24754901960784315 0.1296875 0.11029411764705882
2 0.0640625 0.3382352941176471 0.0765625 0.07107843137254902
2 0.6984375 0.31985294117647056 0.059375 0.061274509803921566
2 0.771875 0.4068627450980392 0.115625 0.14950980392156862