2 0.24453125 0.48125 0.0375 0.016666666666666666
2 0.3625 0.4822916666666667 0.0359375 0.014583333333333334
2 0.4703125 0.4822916666666667 0.034375 0.0125
2 0.27578125 0.4791666666666667 0.01875 0.014583333333333334
2 0.18671875 0.48020833333333335 0.0578125 0.01875
2 0.28984375 0.48125 0.015625 0.0125
2 0.434375 0.48020833333333335 0.0359375 0.022916666666666665
2 0.4015625 0.48020833333333335 0.0359375 0.014583333333333334
2 0.75390625 0.48020833333333335 0.0375 0.0125
2 0.51640625 0.4791666666666667 0.03125 0.01875
2 0.56015625 0.478125 0.021875 0.020833333333333332
2 0.3046875 0.48125 0.0109375 0.010416666666666666
1 0.3375 0.4635416666666667 0.0765625 0.022916666666666665
2 0.33125 0.4822916666666667 0.0109375 0.0125