5 0.15234375 0.39895833333333336 0.1046875 0.0875
0 0.865625 0.5802083333333333 0.2671875 0.12916666666666668
0 0.890625 0.5135416666666667 0.1265625 0.04791666666666667
0 0.8828125 0.45729166666666665 0.0640625 0.04791666666666667
0 0.7734375 0.3958333333333333 0.01875 0.029166666666666667
0 0.79765625 0.43645833333333334 0.0421875 0.052083333333333336
0 0.83125 0.38333333333333336 0.034375 0.014583333333333334
2 0.01796875 0.440625 0.034375 0.07083333333333333
5 0.23125 0.38958333333333334 0.0921875 0.07291666666666667
0 0.73125 0.7791666666666667 0.509375 0.44166666666666665
0 0.82578125 0.7625 0.3484375 0.2604166666666667
0 0.76171875 0.5666666666666667 0.034375 0.020833333333333332
0 0.76484375 0.5302083333333333 0.11875 0.12291666666666666
0 0.80078125 0.425 0.06875 0.052083333333333336