2 0.54140625 0.7604166666666666 0.0625 0.05
2 0.5078125 0.5645833333333333 0.028125 0.041666666666666664
2 0.41640625 0.6510416666666666 0.0515625 0.029166666666666667
2 0.409375 0.9395833333333333 0.4671875 0.12083333333333333
2 0.3703125 0.8489583333333334 0.1671875 0.058333333333333334
2 0.4015625 0.834375 0.10625 0.07916666666666666
2 0.35390625 0.8010416666666667 0.075 0.03958333333333333
2 0.38671875 0.7729166666666667 0.078125 0.04791666666666667
2 0.3734375 0.7552083333333334 0.0734375 0.04791666666666667
2 0.40078125 0.7229166666666667 0.0671875 0.07708333333333334
2 0.403125 0.684375 0.0609375 0.041666666666666664
2 0.6046875 0.9 0.14375 0.17291666666666666
5 0.1453125 0.628125 0.0640625 0.06041666666666667
5 0.278125 0.6072916666666667 0.0546875 0.07083333333333333
2 0.57734375 0.8364583333333333 0.1546875 0.10208333333333333