2 0.28515625 0.5916666666666667 0.0625 0.027083333333333334
2 0.40703125 0.6010416666666667 0.0453125 0.01875
2 0.0453125 0.5729166666666666 0.0578125 0.01875
2 0.4875 0.6135416666666667 0.0328125 0.022916666666666665
2 0.246875 0.5895833333333333 0.0390625 0.020833333333333332
2 0.35078125 0.5947916666666667 0.05 0.022916666666666665
1 0.74453125 0.6020833333333333 0.16875 0.06875
2 0.1015625 0.5760416666666667 0.0546875 0.01875
2 0.54375 0.6104166666666667 0.0140625 0.027083333333333334
2 0.50390625 0.6072916666666667 0.0171875 0.027083333333333334
2 0.221875 0.5833333333333334 0.03125 0.014583333333333334