1 0.13203125 0.5835294117647059 0.2234375 0.33647058823529413
2 0.01171875 0.6282352941176471 0.0234375 0.08
1 0.84609375 0.5670588235294117 0.25625 0.12705882352941175
2 0.26015625 0.6847058823529412 0.1890625 0.19294117647058823
2 0.40703125 0.6529411764705882 0.140625 0.16
2 0.87890625 0.6847058823529412 0.1640625 0.2023529411764706
2 0.75859375 0.6823529411764706 0.1296875 0.14352941176470588
2 0.67890625 0.6270588235294118 0.0375 0.07294117647058823
2 0.175 0.6882352941176471 0.0546875 0.15058823529411763
2 0.16875 0.6729411764705883 0.0984375 0.16941176470588235
2 0.98046875 0.7305882352941176 0.0390625 0.17411764705882352
2 0.31484375 0.6082352941176471 0.0828125 0.06823529411764706