0 0.83515625 0.7728337236533958 0.0515625 0.17330210772833723
0 0.75390625 0.765807962529274 0.0453125 0.1686182669789227
0 0.37421875 0.7868852459016393 0.0328125 0.1358313817330211
0 0.06796875 0.7505854800936768 0.0296875 0.1288056206088993
2 0.07578125 0.4344262295081967 0.0765625 0.11475409836065574
2 0.5953125 0.7540983606557377 0.2578125 0.27634660421545665
1 0.840625 0.544496487119438 0.315625 0.5199063231850117
1 0.6515625 0.40866510538641687 0.1640625 0.23185011709601874
1 0.35390625 0.32669789227166274 0.0625 0.09836065573770492
0 0.0984375 0.522248243559719 0.0125 0.07728337236533958
2 0.025 0.5081967213114754 0.046875 0.11007025761124122
5 0.13046875 0.3372365339578454 0.0734375 0.12412177985948478
0 0.00703125 0.7669789227166276 0.0140625 0.13817330210772832
0 0.31328125 0.5257611241217799 0.0171875 0.08665105386416862
2 0.02109375 0.5433255269320844 0.040625 0.17330210772833723
1 0.22109375 0.4203747072599532 0.1375 0.2693208430913349