4 0.0609375 0.6354166666666666 0.121875 0.28958333333333336
4 0.165625 0.61875 0.1703125 0.21041666666666667
4 0.27578125 0.6020833333333333 0.0859375 0.21458333333333332
4 0.34765625 0.61875 0.1078125 0.14791666666666667
4 0.37890625 0.5822916666666667 0.146875 0.175
4 0.46796875 0.571875 0.08125 0.15625
4 0.50625 0.5614583333333333 0.125 0.14375
4 0.6484375 0.5614583333333333 0.0328125 0.06875
4 0.5796875 0.5583333333333333 0.053125 0.13125
4 0.6109375 0.56875 0.0703125 0.08125
4 0.6625 0.5552083333333333 0.0390625 0.07916666666666666
4 0.68203125 0.540625 0.0390625 0.09375
4 0.7125 0.5489583333333333 0.0328125 0.058333333333333334