2 0.74609375 0.6818181818181818 0.0984375 0.11188811188811189
2 0.59375 0.5681818181818182 0.06875 0.05244755244755245
2 0.5640625 0.5472027972027972 0.04375 0.04895104895104895
2 0.76875 0.5227272727272727 0.0453125 0.03146853146853147
2 0.76640625 0.5104895104895105 0.0375 0.02097902097902098
2 0.37578125 0.8479020979020979 0.2453125 0.22727272727272727
2 0.9234375 0.5262237762237763 0.046875 0.03146853146853147
2 0.8859375 0.5157342657342657 0.021875 0.03146853146853147
2 0.33828125 0.4965034965034965 0.0265625 0.04895104895104895
2 0.87265625 0.506993006993007 0.0203125 0.024475524475524476
5 0.75078125 0.486013986013986 0.03125 0.024475524475524476
5 0.59375 0.5681818181818182 0.0703125 0.05244755244755245
5 0.3921875 0.46153846153846156 0.0234375 0.045454545454545456
5 0.3734375 0.8426573426573427 0.2421875 0.25874125874125875