2 0.44921875 0.7010416666666667 0.0359375 0.025
2 0.4296875 0.7 0.0265625 0.025
2 0.41640625 0.7 0.015625 0.022916666666666665
2 0.396875 0.7 0.021875 0.020833333333333332
2 0.36875 0.69375 0.028125 0.025
2 0.325 0.6958333333333333 0.0234375 0.016666666666666666
2 0.37890625 0.6989583333333333 0.01875 0.020833333333333332
2 0.2359375 0.696875 0.025 0.01875
2 0.31015625 0.6947916666666667 0.0125 0.014583333333333334
2 0.2671875 0.6927083333333334 0.01875 0.014583333333333334
2 0.296875 0.6916666666666667 0.0203125 0.016666666666666666
2 0.4015625 0.6864583333333333 0.01875 0.0125