1 0.572599531615925 0.7140625 0.44730679156908665 0.409375
1 0.43559718969555034 0.4703125 0.23185011709601874 0.1515625
2 0.09484777517564402 0.478125 0.10070257611241218 0.0671875
2 0.2576112412177986 0.40625 0.06791569086651054 0.04375
2 0.18384074941451992 0.3796875 0.06557377049180328 0.034375
2 0.20374707259953162 0.34453125 0.05152224824355972 0.0328125
4 0.25644028103044497 0.3765625 0.01873536299765808 0.021875
2 0.17330210772833723 0.3171875 0.0351288056206089 0.021875
2 0.35362997658079626 0.35546875 0.07259953161592506 0.0296875
2 0.18149882903981265 0.58984375 0.13348946135831383 0.1015625
2 0.08782201405152225 0.88828125 0.1756440281030445 0.2234375
2 0.24004683840749413 0.31796875 0.03747072599531616 0.0234375
2 0.3161592505854801 0.30703125 0.03278688524590164 0.021875
2 0.12060889929742388 0.35703125 0.05620608899297424 0.0328125
1 0.5608899297423887 0.43828125 0.0936768149882904 0.08125
1 0.5163934426229508 0.3921875 0.08196721311475409 0.0625
5 0.0351288056206089 0.4234375 0.0702576112412178 0.0484375
2 0.3477751756440281 0.2921875 0.03747072599531616 0.0234375
5 0.6592505854800936 0.490625 0.16393442622950818 0.1078125
5 0.47892271662763464 0.37109375 0.07259953161592506 0.05625