2 0.829 0.3885941644562334 0.124 0.09018567639257294
2 0.918 0.28116710875331563 0.086 0.09018567639257294
2 0.774 0.15119363395225463 0.062 0.04774535809018567
2 0.687 0.09018567639257294 0.06 0.03978779840848806
2 0.957 0.17108753315649866 0.052 0.05305039787798409
2 0.93 0.5079575596816976 0.13 0.09018567639257294
2 0.743 0.07161803713527852 0.048 0.03713527851458886
2 0.462 0.0636604774535809 0.052 0.03183023872679045
2 0.985 0.1843501326259947 0.03 0.0610079575596817
2 0.647 0.014588859416445624 0.046 0.026525198938992044
2 0.263 0.023872679045092837 0.05 0.03713527851458886
2 0.326 0.03050397877984085 0.038 0.023872679045092837
2 0.338 0.20159151193633953 0.042 0.03183023872679045
5 0.661 0.35013262599469497 0.106 0.07427055702917772
5 0.986 0.1830238726790451 0.028 0.05305039787798409