0 0.35546875 0.8385416666666666 0.6234375 0.3229166666666667
0 0.1390625 0.4375 0.009375 0.03125
2 0.584375 0.46770833333333334 0.2125 0.16666666666666666
2 0.859375 0.48020833333333335 0.1421875 0.17708333333333334
2 0.72734375 0.45729166666666665 0.140625 0.10833333333333334
2 0.31640625 0.4166666666666667 0.05 0.06458333333333334
2 0.45546875 0.43854166666666666 0.1125 0.12916666666666668
2 0.27890625 0.39375 0.0328125 0.035416666666666666
2 0.25390625 0.3875 0.0125 0.027083333333333334
2 0.33046875 0.37604166666666666 0.03125 0.016666666666666666
2 0.22421875 0.3885416666666667 0.0203125 0.0375
2 0.1703125 0.3927083333333333 0.0359375 0.03958333333333333
2 0.15390625 0.38125 0.0203125 0.027083333333333334