2 0.3423529411764706 0.06015625 0.08235294117647059 0.0515625
2 0.15411764705882353 0.13046875 0.12470588235294118 0.059375
2 0.33176470588235296 0.17265625 0.11764705882352941 0.0625
4 0.7505882352941177 0.50234375 0.07764705882352942 0.103125
4 0.4258823529411765 0.4109375 0.09176470588235294 0.090625
4 0.32 0.5078125 0.06823529411764706 0.0953125
4 0.5564705882352942 0.1703125 0.058823529411764705 0.053125
4 0.041176470588235294 0.18984375 0.0611764705882353 0.0671875
4 0.3129411764705882 0.20625 0.11294117647058824 0.0671875
4 0.4929411764705882 0.125 0.05176470588235294 0.046875
4 0.5305882352941177 0.071875 0.03294117647058824 0.0359375
4 0.3976470588235294 0.15 0.0611764705882353 0.0515625
4 0.5070588235294118 0.05 0.03294117647058824 0.034375
4 0.5117647058823529 0.02578125 0.03058823529411765 0.0140625
2 0.35058823529411764 0.01484375 0.0611764705882353 0.0265625
2 0.3376470588235294 0.1078125 0.08941176470588236 0.053125
2 0.15764705882352942 0.0921875 0.1011764705882353 0.0484375
2 0.18823529411764706 0.05703125 0.08235294117647059 0.0390625
2 0.2 0.02578125 0.07294117647058823 0.0375
2 0.2411764705882353 0.0109375 0.058823529411764705 0.021875
4 0.39176470588235296 0.0875 0.04470588235294118 0.0375
2 0.2823529411764706 0.984375 0.2776470588235294 0.03125
2 0.7176470588235294 0.0421875 0.10823529411764705 0.05625
4 0.44588235294117645 0.03671875 0.03058823529411765 0.0296875