2 0.3921875 0.8290094339622641 0.7546875 0.3089622641509434
2 0.51015625 0.6509433962264151 0.109375 0.06839622641509434
2 0.7203125 0.7476415094339622 0.13125 0.12971698113207547
1 0.41015625 0.5955188679245284 0.0578125 0.09198113207547169
2 0.68671875 0.714622641509434 0.103125 0.09905660377358491
2 0.6140625 0.7936320754716981 0.509375 0.3561320754716981
2 0.86796875 0.7099056603773585 0.0640625 0.10377358490566038
2 0.8390625 0.7063679245283019 0.0828125 0.10849056603773585
2 0.240625 0.6556603773584906 0.05 0.07547169811320754
2 0.90078125 0.839622641509434 0.1984375 0.32075471698113206
2 0.2640625 0.6356132075471698 0.0609375 0.08018867924528301
2 0.66640625 0.6886792452830188 0.0796875 0.08726415094339622
1 0.51796875 0.5530660377358491 0.0203125 0.03537735849056604