0 0.0171875 0.6455399061032864 0.034375 0.107981220657277
2 0.62421875 0.5093896713615024 0.08125 0.06807511737089202
2 0.57578125 0.49178403755868544 0.059375 0.07511737089201878
1 0.46015625 0.4647887323943662 0.171875 0.22065727699530516
0 0.9046875 0.5164319248826291 0.03125 0.056338028169014086
0 0.8734375 0.5422535211267606 0.03125 0.03755868544600939
0 0.940625 0.5316901408450704 0.009375 0.03990610328638498
0 0.96953125 0.5269953051643192 0.01875 0.06338028169014084
0 0.13046875 0.5539906103286385 0.0203125 0.06103286384976526
0 0.9515625 0.5269953051643192 0.021875 0.05868544600938967
0 0.92734375 0.5187793427230047 0.015625 0.06103286384976526
0 0.98984375 0.5305164319248826 0.0203125 0.06338028169014084
0 0.0109375 0.6631455399061033 0.021875 0.11267605633802817
0 0.1375 0.5352112676056338 0.0203125 0.0539906103286385
0 0.9359375 0.5223004694835681 0.01875 0.0539906103286385
0 0.02734375 0.613849765258216 0.0546875 0.14553990610328638