0 0.425 0.8081570996978852 0.448 0.3564954682779456
0 0.224 0.7311178247734139 0.182 0.29607250755287007
0 0.731 0.6132930513595166 0.168 0.15709969788519637
2 0.114 0.5725075528700906 0.222 0.17522658610271905
2 0.687 0.4909365558912387 0.212 0.13897280966767372
2 0.486 0.5120845921450151 0.142 0.09365558912386707
2 0.556 0.4954682779456193 0.096 0.08459214501510574
5 0.229 0.49244712990936557 0.182 0.18126888217522658
0 0.671 0.6873111782477341 0.192 0.21450151057401812
2 0.326 0.49244712990936557 0.052 0.06042296072507553
2 0.014 0.5211480362537765 0.028 0.054380664652567974