1 0.234375 0.553125 0.1125 0.11666666666666667
1 0.49921875 0.54375 0.13125 0.17291666666666666
1 0.77265625 0.5427083333333333 0.0609375 0.08541666666666667
1 0.90390625 0.5447916666666667 0.1921875 0.23333333333333334
1 0.6515625 0.5354166666666667 0.040625 0.05625
1 0.61640625 0.534375 0.034375 0.05
1 0.73046875 0.528125 0.0375 0.04791666666666667
1 0.69921875 0.5291666666666667 0.0328125 0.04375
1 0.6765625 0.5291666666666667 0.0203125 0.035416666666666666
1 0.571875 0.534375 0.0171875 0.03958333333333333
1 0.35625 0.5416666666666666 0.0578125 0.058333333333333334
1 0.09296875 0.5520833333333334 0.1859375 0.1625
1 0.58984375 0.534375 0.021875 0.04583333333333333