2 0.3671875 0.58719646799117 0.1296875 0.1368653421633554
2 0.596875 0.5805739514348786 0.11875 0.1280353200883002
2 0.56484375 0.5607064017660044 0.1015625 0.11699779249448124
2 0.38515625 0.5364238410596026 0.1203125 0.11920529801324503
2 0.47109375 0.5165562913907285 0.0546875 0.0728476821192053
2 0.49296875 0.4977924944812362 0.040625 0.05518763796909492
2 0.528125 0.48233995584988965 0.0265625 0.033112582781456956
2 0.40703125 0.5298013245033113 0.1015625 0.12582781456953643
2 0.4578125 0.5353200883002207 0.0265625 0.08388520971302428
2 0.484375 0.46688741721854304 0.05625 0.03532008830022075
2 0.58828125 0.4911699779249448 0.090625 0.05518763796909492