2 0.20078125 0.7666666666666667 0.1046875 0.052083333333333336
2 0.28984375 0.7614583333333333 0.071875 0.04583333333333333
2 0.0140625 0.9239583333333333 0.028125 0.10833333333333334
2 0.76875 0.73125 0.0765625 0.03958333333333333
2 0.70390625 0.7458333333333333 0.0796875 0.022916666666666665
2 0.1 0.7583333333333333 0.1078125 0.052083333333333336
2 0.15546875 0.790625 0.071875 0.06458333333333334
2 0.875 0.8885416666666667 0.25 0.18333333333333332
2 0.80703125 0.7145833333333333 0.04375 0.016666666666666666
2 0.7015625 0.7614583333333333 0.078125 0.03958333333333333
2 0.740625 0.73125 0.0375 0.03333333333333333
2 0.0640625 0.7458333333333333 0.0625 0.027083333333333334
2 0.025 0.7604166666666666 0.05 0.041666666666666664