4 0.4166666666666667 0.39609375 0.15258215962441316 0.065625
2 0.7969483568075117 0.38359375 0.3568075117370892 0.078125
2 0.215962441314554 0.3234375 0.25821596244131456 0.0375
2 0.29107981220657275 0.37421875 0.11267605633802817 0.065625
2 0.44014084507042256 0.3453125 0.19718309859154928 0.028125
2 0.5927230046948356 0.365625 0.1056338028169014 0.040625
5 0.8650234741784038 0.3359375 0.17370892018779344 0.0390625
5 0.5669014084507042 0.34921875 0.2793427230046948 0.071875
2 0.13262910798122066 0.36875 0.26291079812206575 0.0734375
2 0.48708920187793425 0.3859375 0.3591549295774648 0.0734375
2 0.5727699530516432 0.33984375 0.3004694835680751 0.053125
4 0.7723004694835681 0.39140625 0.16666666666666666 0.05625
5 0.9295774647887324 0.3546875 0.14084507042253522 0.0484375