0 0.531 0.452 0.026 0.042666666666666665
2 0.312 0.4866666666666667 0.176 0.144
1 0.935 0.4106666666666667 0.1 0.096
1 0.701 0.3933333333333333 0.034 0.048
2 0.408 0.45866666666666667 0.086 0.11466666666666667
2 0.206 0.42933333333333334 0.078 0.08
4 0.675 0.432 0.012 0.018666666666666668
5 0.875 0.404 0.036 0.07466666666666667
5 0.567 0.42133333333333334 0.05 0.072
0 0.719 0.416 0.004 0.018666666666666668
2 0.827 0.404 0.036 0.021333333333333333
4 0.756 0.412 0.012 0.018666666666666668
4 0.746 0.408 0.008 0.013333333333333334
5 0.612 0.39466666666666667 0.066 0.09333333333333334
5 0.702 0.3933333333333333 0.038 0.04533333333333334
2 0.848 0.4186666666666667 0.014 0.037333333333333336