4 0.60390625 0.7739583333333333 0.0671875 0.11041666666666666
4 0.5484375 0.78125 0.053125 0.07916666666666666
4 0.69375 0.7895833333333333 0.103125 0.09375
2 0.3671875 0.775 0.140625 0.12708333333333333
2 0.46640625 0.765625 0.0796875 0.08958333333333333
2 0.20390625 0.740625 0.0609375 0.058333333333333334
4 0.63984375 0.7854166666666667 0.059375 0.09583333333333334
4 0.5140625 0.7760416666666666 0.0359375 0.08125
4 0.5 0.7697916666666667 0.05 0.09583333333333334
2 0.125 0.7322916666666667 0.0453125 0.052083333333333336
2 0.16796875 0.740625 0.0328125 0.052083333333333336
2 0.584375 0.7260416666666667 0.021875 0.035416666666666666
2 0.31171875 0.7520833333333333 0.04375 0.06666666666666667
2 0.28828125 0.7541666666666667 0.0515625 0.0625
2 0.26328125 0.75 0.04375 0.0625
2 0.1609375 0.7375 0.0453125 0.052083333333333336
2 0.1015625 0.734375 0.0171875 0.0375
4 0.57265625 0.784375 0.0484375 0.08333333333333333