1 0.315625 0.5927083333333333 0.1640625 0.24791666666666667
1 0.63359375 0.3375 0.0796875 0.09583333333333334
5 0.55078125 0.43020833333333336 0.0671875 0.09791666666666667
5 0.9265625 0.6583333333333333 0.128125 0.14375
5 0.81171875 0.5416666666666666 0.09375 0.10416666666666667
2 0.096875 0.88125 0.1484375 0.1625
1 0.640625 0.28020833333333334 0.059375 0.04583333333333333
1 0.69453125 0.3145833333333333 0.053125 0.07916666666666666
1 0.546875 0.23333333333333334 0.028125 0.020833333333333332
1 0.54140625 0.340625 0.0546875 0.06875
1 0.6140625 0.40729166666666666 0.08125 0.12916666666666668
2 0.07421875 0.9385416666666667 0.1484375 0.12291666666666666
2 0.15859375 0.6885416666666667 0.121875 0.1875
2 0.084375 0.6125 0.0828125 0.1
2 0.334375 0.76875 0.1109375 0.13125
2 0.12734375 0.5395833333333333 0.078125 0.07291666666666667
2 0.2203125 0.509375 0.0609375 0.04791666666666667
2 0.20078125 0.46770833333333334 0.0703125 0.07916666666666666
2 0.26796875 0.40625 0.0375 0.041666666666666664
2 0.646875 0.7302083333333333 0.1078125 0.11875
2 0.684375 0.8802083333333334 0.140625 0.17291666666666666
2 0.95 0.9645833333333333 0.1 0.041666666666666664
4 0.5453125 0.7010416666666667 0.025 0.05625
5 0.803125 0.640625 0.1140625 0.11875
5 0.6015625 0.403125 0.109375 0.125
2 0.08984375 0.7875 0.1421875 0.14791666666666667
5 0.3125 0.33645833333333336 0.053125 0.0625
5 0.3484375 0.2989583333333333 0.0265625 0.03125
5 0.8703125 0.8635416666666667 0.1609375 0.2