1 0.714 0.8569277108433735 0.226 0.25903614457831325
1 0.7 0.6596385542168675 0.138 0.24397590361445784
5 0.254 0.8810240963855421 0.254 0.23795180722891565
2 0.323 0.7153614457831325 0.086 0.11144578313253012
2 0.197 0.6506024096385542 0.098 0.10843373493975904
2 0.377 0.6340361445783133 0.076 0.08734939759036145
1 0.797 0.34036144578313254 0.08 0.045180722891566265
1 0.638 0.3825301204819277 0.096 0.0572289156626506
1 0.586 0.5331325301204819 0.088 0.13253012048192772
5 0.438 0.45180722891566266 0.042 0.060240963855421686
5 0.463 0.4382530120481928 0.036 0.06325301204819277
2 0.465 0.8945783132530121 0.1 0.18674698795180722
2 0.516 0.5225903614457831 0.04 0.060240963855421686
2 0.504 0.3870481927710843 0.042 0.02710843373493976
2 0.446 0.5662650602409639 0.054 0.06927710843373494
2 0.32 0.5828313253012049 0.072 0.07530120481927711
2 0.677 0.4608433734939759 0.044 0.045180722891566265
2 0.656 0.48042168674698793 0.046 0.0572289156626506
2 0.683 0.5180722891566265 0.042 0.03313253012048193
2 0.72 0.4743975903614458 0.048 0.04819277108433735
5 0.804 0.3810240963855422 0.062 0.03313253012048193
1 0.533 0.4503012048192771 0.048 0.08734939759036145
2 0.519 0.7454819277108434 0.08 0.13253012048192772