2 0.338 0.17333333333333334 0.04 0.029333333333333333
2 0.288 0.176 0.042 0.029333333333333333
2 0.509 0.16666666666666666 0.068 0.032
2 0.621 0.16266666666666665 0.058 0.032
2 0.421 0.168 0.054 0.032
2 0.173 0.176 0.046 0.024
2 0.855 0.15733333333333333 0.052 0.02666666666666667
2 0.72 0.16133333333333333 0.038 0.029333333333333333
2 0.962 0.148 0.054 0.04
2 0.932 0.15466666666666667 0.018 0.02666666666666667
2 0.813 0.15466666666666667 0.02 0.02666666666666667
1 0.663 0.14666666666666667 0.094 0.048
2 0.128 0.176 0.08 0.050666666666666665