4 0.221875 0.6147540983606558 0.125 0.3981264637002342
4 0.03125 0.4718969555035129 0.0609375 0.09601873536299765
4 0.7765625 0.6545667447306791 0.3390625 0.4637002341920375
4 0.628125 0.4414519906323185 0.1125 0.08899297423887588
4 0.7625 0.4765807962529274 0.1234375 0.11007025761124122
4 0.821875 0.4332552693208431 0.06875 0.08196721311475409
2 0.9484375 0.3875878220140515 0.046875 0.03044496487119438
5 0.20859375 0.41920374707259955 0.3328125 0.15690866510538642
4 0.43515625 0.5491803278688525 0.1140625 0.33021077283372363
5 0.5671875 0.3840749414519906 0.3078125 0.1873536299765808
5 0.909375 0.41100702576112413 0.0921875 0.07259953161592506
5 0.815625 0.3946135831381733 0.115625 0.053864168618266976