2 0.153125 0.91484375 0.1875 0.06875
2 0.465625 0.90625 0.12708333333333333 0.0515625
2 0.28020833333333334 0.89765625 0.09583333333333334 0.0328125
2 0.38125 0.89453125 0.09583333333333334 0.0453125
2 0.5072916666666667 0.88203125 0.05416666666666667 0.0125
2 0.709375 0.87890625 0.01875 0.009375
2 0.80625 0.88046875 0.03125 0.0234375
2 0.31875 0.88671875 0.025 0.0109375
2 0.06979166666666667 0.9109375 0.10625 0.0609375
2 0.7385416666666667 0.8765625 0.01875 0.0109375
2 0.7854166666666667 0.88046875 0.010416666666666666 0.009375
2 0.634375 0.88359375 0.04375 0.009375