0 0.42890625 0.7675233644859814 0.2203125 0.397196261682243
0 0.6375 0.6214953271028038 0.171875 0.397196261682243
0 0.9578125 0.4742990654205608 0.084375 0.2570093457943925
0 0.16328125 0.7850467289719626 0.265625 0.3925233644859813
0 0.94296875 0.4427570093457944 0.0296875 0.1542056074766355
0 0.871875 0.4766355140186916 0.0359375 0.1542056074766355
0 0.74375 0.22897196261682243 0.0515625 0.06074766355140187
0 0.9109375 0.38901869158878505 0.05 0.1705607476635514
0 0.246875 0.5771028037383178 0.0859375 0.18691588785046728
0 0.55546875 0.6074766355140186 0.1046875 0.308411214953271
0 0.721875 0.5245327102803738 0.090625 0.2336448598130841
0 0.27109375 0.6156542056074766 0.1515625 0.25934579439252337