4 0.54765625 0.4739583333333333 0.5625 0.6291666666666667
4 0.821875 0.30520833333333336 0.35625 0.45208333333333334
4 0.6265625 0.16458333333333333 0.2375 0.18541666666666667
4 0.08203125 0.27291666666666664 0.109375 0.25833333333333336
4 0.29609375 0.20208333333333334 0.0875 0.2375
4 0.38515625 0.19583333333333333 0.103125 0.1
4 0.42109375 0.14583333333333334 0.1015625 0.1375
4 0.75390625 0.12291666666666666 0.0609375 0.14375
4 0.15546875 0.153125 0.0375 0.0875
4 0.33671875 0.13125 0.0421875 0.06458333333333334
4 0.9734375 0.1 0.053125 0.10833333333333334
4 0.559375 0.11145833333333334 0.103125 0.07083333333333333
4 0.47421875 0.15416666666666667 0.0484375 0.08958333333333333