2 0.1671875 0.6320093457943925 0.10625 0.08644859813084112
2 0.34453125 0.6366822429906542 0.0765625 0.056074766355140186
2 0.4 0.6308411214953271 0.0640625 0.0630841121495327
2 0.47265625 0.6308411214953271 0.065625 0.06074766355140187
2 0.0484375 0.6378504672897196 0.096875 0.08177570093457943
2 0.57421875 0.6355140186915887 0.05625 0.04439252336448598
2 0.73125 0.6366822429906542 0.271875 0.04205607476635514
2 0.52421875 0.6308411214953271 0.05 0.05841121495327103
2 0.8046875 0.6308411214953271 0.0328125 0.03271028037383177
2 0.87421875 0.6366822429906542 0.0203125 0.02102803738317757
2 0.90546875 0.6320093457943925 0.0421875 0.035046728971962614