2 0.4578125 0.5739583333333333 0.0578125 0.075
2 0.26796875 0.5541666666666667 0.028125 0.07083333333333333
4 0.85546875 0.6854166666666667 0.0578125 0.07708333333333334
4 0.77109375 0.65625 0.09375 0.07708333333333334
4 0.70390625 0.646875 0.05625 0.058333333333333334
2 0.40859375 0.5666666666666667 0.046875 0.04791666666666667
5 0.31640625 0.5677083333333334 0.0890625 0.14583333333333334
4 0.940625 0.7020833333333333 0.1078125 0.10625
4 0.62890625 0.6208333333333333 0.0375 0.06875
4 0.19140625 0.5541666666666667 0.034375 0.03333333333333333
4 0.74140625 0.6208333333333333 0.0265625 0.03958333333333333