2 0.3359375 0.8442622950819673 0.1234375 0.13348946135831383
2 0.14140625 0.8372365339578455 0.125 0.1288056206088993
2 0.446875 0.8302107728337237 0.046875 0.09836065573770492
2 0.56953125 0.8079625292740047 0.1265625 0.07962529274004684
2 0.38828125 0.6334894613583139 0.0421875 0.05152224824355972
2 0.2625 0.8114754098360656 0.0578125 0.07962529274004684
2 0.30859375 0.7704918032786885 0.0671875 0.03044496487119438
2 0.22734375 0.8243559718969555 0.09375 0.11241217798594848
2 0.44921875 0.819672131147541 0.0578125 0.1053864168618267
2 0.4609375 0.8114754098360656 0.0640625 0.10304449648711944
2 0.33984375 0.734192037470726 0.04375 0.04215456674473068
2 0.38515625 0.819672131147541 0.1046875 0.1522248243559719
2 0.31796875 0.7459016393442623 0.0546875 0.02576112412177986
5 0.2859375 0.7154566744730679 0.053125 0.07259953161592506