2 0.5078125 0.7361111111111112 0.1265625 0.06944444444444445
2 0.11484375 0.7333333333333333 0.0296875 0.025
2 0.36015625 0.7305555555555555 0.0421875 0.025
2 0.11328125 0.75 0.01875 0.025
2 0.01875 0.7388888888888889 0.025 0.016666666666666666
5 0.409375 0.7305555555555555 0.0421875 0.030555555555555555
5 0.06796875 0.7375 0.0265625 0.022222222222222223
5 0.11484375 0.7388888888888889 0.03125 0.03888888888888889
2 0.15 0.7333333333333333 0.021875 0.022222222222222223
5 0.2359375 0.7305555555555555 0.0390625 0.025
2 0.634375 0.7319444444444444 0.0203125 0.03333333333333333
2 0.57734375 0.7347222222222223 0.0140625 0.019444444444444445