2 0.66953125 0.32395833333333335 0.0671875 0.04583333333333333
2 0.21328125 0.18541666666666667 0.0296875 0.041666666666666664
2 0.25 0.34270833333333334 0.084375 0.04375
1 0.72578125 0.5614583333333333 0.23125 0.32708333333333334
2 0.2453125 0.6979166666666666 0.1984375 0.15208333333333332
2 0.053125 0.43854166666666666 0.0484375 0.06666666666666667
2 0.10546875 0.41770833333333335 0.1140625 0.07291666666666667
2 0.22109375 0.3572916666666667 0.0921875 0.04791666666666667
2 0.16328125 0.38645833333333335 0.1265625 0.07708333333333334
2 0.44453125 0.1875 0.028125 0.022916666666666665
2 0.16484375 0.20833333333333334 0.01875 0.01875
2 0.17890625 0.28020833333333334 0.0328125 0.0375
2 0.3484375 0.19479166666666667 0.0265625 0.020833333333333332