1 0.17 0.832 0.334 0.30666666666666664
1 0.517 0.5866666666666667 0.148 0.14933333333333335
5 0.911 0.468 0.05 0.04
2 0.7 0.9253333333333333 0.126 0.11466666666666667
2 0.583 0.8213333333333334 0.098 0.09866666666666667
2 0.318 0.6746666666666666 0.09 0.058666666666666666
2 0.316 0.6106666666666667 0.094 0.07466666666666667
2 0.184 0.7 0.112 0.07466666666666667
2 0.407 0.6226666666666667 0.074 0.056
2 0.498 0.7226666666666667 0.078 0.08266666666666667
2 0.521 0.5013333333333333 0.06 0.04533333333333334
2 0.447 0.532 0.058 0.05333333333333334
5 0.821 0.6693333333333333 0.052 0.08
2 0.061 0.776 0.122 0.10666666666666667
5 0.505 0.432 0.048 0.05333333333333334
2 0.8 0.36533333333333334 0.022 0.02666666666666667