2 0.884375 0.40625 0.0921875 0.03958333333333333
2 0.55234375 0.42604166666666665 0.0875 0.041666666666666664
2 0.94921875 0.4125 0.040625 0.020833333333333332
2 0.04921875 0.46875 0.096875 0.03958333333333333
2 0.3015625 0.4479166666666667 0.1078125 0.04375
5 0.6046875 0.415625 0.0828125 0.04375
2 0.1046875 0.440625 0.03125 0.029166666666666667
2 0.175 0.45729166666666665 0.0984375 0.04375
2 0.690625 0.41458333333333336 0.0921875 0.041666666666666664
5 0.303125 0.4354166666666667 0.040625 0.020833333333333332
2 0.9828125 0.4041666666666667 0.0328125 0.041666666666666664