0 0.4859375 0.6032863849765259 0.009375 0.08685446009389672
0 0.51796875 0.57981220657277 0.0234375 0.09389671361502347
0 0.4296875 0.5786384976525821 0.0171875 0.06103286384976526
2 0.1078125 0.6373239436619719 0.2046875 0.30985915492957744
2 0.29765625 0.5657276995305164 0.15625 0.1267605633802817
2 0.77578125 0.6948356807511737 0.3640625 0.352112676056338
2 0.578125 0.5516431924882629 0.0734375 0.0892018779342723
2 0.55390625 0.5234741784037559 0.0390625 0.056338028169014086
2 0.40234375 0.5316901408450704 0.0375 0.06572769953051644
2 0.7453125 0.5082159624413145 0.1078125 0.035211267605633804
4 0.88125 0.5410798122065728 0.0625 0.03990610328638498
0 0.4828125 0.6068075117370892 0.0078125 0.09154929577464789
2 0.540625 0.5093896713615024 0.03125 0.051643192488262914
0 0.5 0.5657276995305164 0.00625 0.035211267605633804
2 0.453125 0.5164319248826291 0.0296875 0.056338028169014086
2 0.46796875 0.5117370892018779 0.015625 0.03755868544600939
4 0.90625 0.5316901408450704 0.03125 0.056338028169014086