2 0.64453125 0.4226327944572748 0.0953125 0.07390300230946882
2 0.9015625 0.3810623556581986 0.078125 0.046189376443418015
2 0.2625 0.4122401847575058 0.059375 0.08775981524249422
2 0.31328125 0.4133949191685912 0.0875 0.10161662817551963
2 0.96875 0.37644341801385683 0.0265625 0.03464203233256351
2 0.5171875 0.42032332563510394 0.1125 0.09468822170900693
2 0.17734375 0.4284064665127021 0.0828125 0.08083140877598152
2 0.1328125 0.418013856812933 0.121875 0.10623556581986143
2 0.21015625 0.4295612009237875 0.0390625 0.08314087759815242
2 0.8234375 0.37759815242494227 0.0765625 0.053117782909930716
2 0.0453125 0.38799076212471134 0.090625 0.03926096997690531
2 0.04609375 0.4237875288683603 0.090625 0.09468822170900693
2 0.175 0.44341801385681295 0.053125 0.06004618937644342