5 0.555672268907563 0.8953125 0.5504201680672269 0.209375
2 0.21638655462184875 0.9625 0.0819327731092437 0.040625
2 0.1334033613445378 0.9578125 0.06932773109243698 0.0421875
2 0.06722689075630252 0.94375 0.04411764705882353 0.025
2 0.21008403361344538 0.92890625 0.07352941176470588 0.01875
2 0.2605042016806723 0.95234375 0.03991596638655462 0.025
2 0.1092436974789916 0.9375 0.0273109243697479 0.028125
2 0.04726890756302521 0.9453125 0.02100840336134454 0.021875
2 0.06827731092436974 0.95078125 0.0273109243697479 0.0203125
2 0.1334033613445378 0.93203125 0.07352941176470588 0.0171875
2 0.04201680672268908 0.93671875 0.04411764705882353 0.0265625
2 0.011554621848739496 0.934375 0.023109243697478993 0.01875
2 0.20168067226890757 0.9484375 0.07142857142857142 0.0375
2 0.22268907563025211 0.91171875 0.018907563025210083 0.0109375