2 0.92578125 0.6911196911196911 0.115625 0.07528957528957529
2 0.79140625 0.6833976833976834 0.14375 0.05791505791505792
2 0.68359375 0.6843629343629344 0.084375 0.05791505791505792
2 0.5171875 0.6766409266409267 0.0765625 0.04054054054054054
2 0.28671875 0.724903474903475 0.125 0.13706563706563707
2 0.16953125 0.7084942084942085 0.10625 0.07915057915057915
2 0.21171875 0.665057915057915 0.0265625 0.023166023166023165
5 0.4 0.6631274131274131 0.0828125 0.052123552123552123
5 0.1234375 0.667953667953668 0.0796875 0.10810810810810811
2 0.23203125 0.6621621621621622 0.015625 0.013513513513513514
2 0.178125 0.665057915057915 0.0296875 0.023166023166023165
2 0.078125 0.6911196911196911 0.03125 0.05791505791505792
2 0.0578125 0.6747104247104247 0.0328125 0.02895752895752896