2 0.7447916666666666 0.58125 0.15625 0.0765625
2 0.60625 0.55546875 0.058333333333333334 0.028125
2 0.5677083333333334 0.55 0.020833333333333332 0.0171875
2 0.546875 0.54296875 0.025 0.0140625
2 0.9666666666666667 0.5578125 0.06666666666666667 0.028125
2 0.004166666666666667 0.553125 0.008333333333333333 0.021875
2 0.08229166666666667 0.5453125 0.035416666666666666 0.0203125
2 0.051041666666666666 0.54765625 0.05 0.025
2 0.020833333333333332 0.5484375 0.041666666666666664 0.025
2 0.5802083333333333 0.55234375 0.016666666666666666 0.021875
2 0.6864583333333333 0.54296875 0.025 0.0109375
2 0.10104166666666667 0.54453125 0.06041666666666667 0.028125