2 0.415625 0.915625 0.0171875 0.014583333333333334
2 0.48359375 0.9041666666666667 0.01875 0.025
2 0.57421875 0.7708333333333334 0.015625 0.01875
2 0.54921875 0.8458333333333333 0.015625 0.016666666666666666
2 0.575 0.846875 0.021875 0.01875
1 0.415625 0.890625 0.0375 0.041666666666666664
1 0.678125 0.6927083333333334 0.021875 0.027083333333333334
5 0.38671875 0.925 0.0328125 0.027083333333333334
5 0.4125 0.8916666666666667 0.0328125 0.03958333333333333
5 0.52109375 0.828125 0.0140625 0.016666666666666666
2 0.4984375 0.8479166666666667 0.015625 0.0125
2 0.5203125 0.828125 0.0140625 0.014583333333333334
2 0.45546875 0.915625 0.0203125 0.020833333333333332
2 0.6203125 0.8197916666666667 0.0140625 0.010416666666666666
2 0.4875 0.8697916666666666 0.0171875 0.014583333333333334
2 0.50859375 0.81875 0.0125 0.0125
5 0.640625 0.7427083333333333 0.01875 0.027083333333333334
5 0.58046875 0.784375 0.015625 0.014583333333333334
2 0.5609375 0.8229166666666666 0.015625 0.014583333333333334
1 0.70625 0.690625 0.0203125 0.020833333333333332
5 0.540625 0.8114583333333333 0.0140625 0.01875
5 0.70546875 0.6916666666666667 0.01875 0.025