5 0.715625 0.6802083333333333 0.56875 0.5958333333333333
2 0.83359375 0.34791666666666665 0.06875 0.03333333333333333
2 0.46875 0.4739583333333333 0.19375 0.2125
2 0.76484375 0.40208333333333335 0.1671875 0.10208333333333333
2 0.8078125 0.3614583333333333 0.103125 0.058333333333333334
2 0.925 0.4166666666666667 0.15 0.1875
2 0.5359375 0.35208333333333336 0.15 0.06666666666666667
2 0.39375 0.4270833333333333 0.1296875 0.13125
2 0.75625 0.35833333333333334 0.2921875 0.05
2 0.73125 0.3385416666666667 0.0734375 0.035416666666666666
2 0.40859375 0.35625 0.0484375 0.016666666666666666
2 0.45078125 0.36354166666666665 0.040625 0.03125
2 0.9140625 0.33958333333333335 0.0296875 0.022916666666666665
2 0.334375 0.39375 0.05625 0.04791666666666667
5 0.83125 0.34479166666666666 0.0703125 0.03333333333333333