1 0.48828125 0.6052083333333333 0.9734375 0.32916666666666666
0 0.5921875 0.3875 0.059375 0.0875
0 0.70703125 0.38645833333333335 0.05625 0.09791666666666667
0 0.67265625 0.41041666666666665 0.0890625 0.17916666666666667
0 0.74140625 0.378125 0.0609375 0.11041666666666666
0 0.83671875 0.384375 0.065625 0.07708333333333334
0 0.81640625 0.3927083333333333 0.0765625 0.07916666666666666
0 0.809375 0.38229166666666664 0.0484375 0.07083333333333333
0 0.7734375 0.37083333333333335 0.0546875 0.1125
0 0.60625 0.3875 0.0625 0.09583333333333334
0 0.76015625 0.3854166666666667 0.0515625 0.09375
0 0.7875 0.39479166666666665 0.05625 0.06458333333333334
0 0.63984375 0.3802083333333333 0.0703125 0.10833333333333334
0 0.31875 0.4 0.09375 0.09583333333333334