2 0.78984375 0.4 0.0890625 0.08958333333333333
2 0.90546875 0.4 0.0890625 0.09375
2 0.71640625 0.38333333333333336 0.06875 0.052083333333333336
4 0.20390625 0.7333333333333333 0.4078125 0.5104166666666666
4 0.515625 0.7385416666666667 0.34375 0.47708333333333336
4 0.60703125 0.64375 0.3828125 0.35208333333333336
4 0.68125 0.575 0.290625 0.275
4 0.7796875 0.5385416666666667 0.178125 0.21041666666666667
4 0.84375 0.509375 0.090625 0.16041666666666668
2 0.8546875 0.38229166666666664 0.0484375 0.0625
2 0.996875 0.353125 0.00625 0.11666666666666667
2 0.6015625 0.3885416666666667 0.009375 0.0375