2 0.526 0.9477611940298507 0.058 0.1044776119402985
2 0.679 0.9402985074626866 0.096 0.11044776119402985
2 0.418 0.9402985074626866 0.044 0.11940298507462686
2 0.513 0.926865671641791 0.082 0.14626865671641792
2 0.464 0.926865671641791 0.034 0.11343283582089553
2 0.5 0.8164179104477612 0.034 0.03582089552238806
1 0.964 0.8671641791044776 0.072 0.16716417910447762
1 0.435 0.8283582089552238 0.038 0.05970149253731343
2 0.485 0.8 0.028 0.029850746268656716
2 0.441 0.9029850746268657 0.04 0.06865671641791045
2 0.423 0.8552238805970149 0.024 0.01791044776119403
2 0.459 0.8537313432835821 0.038 0.020895522388059702
2 0.444 0.926865671641791 0.022 0.07761194029850746
2 0.533 0.8313432835820895 0.026 0.023880597014925373
5 0.658 0.8611940298507462 0.056 0.07761194029850746