2 0.0234375 0.48711943793911006 0.040625 0.02810304449648712
4 0.51875 0.667447306791569 0.2296875 0.22482435597189696
4 0.69609375 0.6627634660421545 0.15625 0.18501170960187355
4 0.81953125 0.6627634660421545 0.128125 0.14754098360655737
4 0.2890625 0.5843091334894613 0.1203125 0.1405152224824356
4 0.359375 0.5831381733021077 0.10625 0.12412177985948478
4 0.6390625 0.5749414519906323 0.046875 0.0936768149882904
4 0.81875 0.6159250585480094 0.2125 0.18969555035128804
4 0.90703125 0.5971896955503513 0.175 0.19437939110070257
4 0.30078125 0.5234192037470726 0.0328125 0.04215456674473068
4 0.51875 0.5749414519906323 0.0546875 0.117096018735363
4 0.1234375 0.5866510538641686 0.0921875 0.1756440281030445
2 0.27265625 0.4882903981264637 0.0546875 0.03044496487119438
2 0.02734375 0.468384074941452 0.028125 0.01873536299765808
2 0.17109375 0.48360655737704916 0.053125 0.03747072599531616
4 0.6015625 0.5433255269320844 0.053125 0.05620608899297424
2 0.25078125 0.45550351288056207 0.0328125 0.02810304449648712
2 0.334375 0.48711943793911006 0.04375 0.0351288056206089
2 0.3765625 0.48360655737704916 0.05625 0.03044496487119438
2 0.3484375 0.4672131147540984 0.0328125 0.0234192037470726