0 0.8109375 0.8293556085918854 0.03125 0.03579952267303103
0 0.68671875 0.8365155131264916 0.0125 0.0405727923627685
0 0.671875 0.8424821002386634 0.0046875 0.01909307875894988
2 0.4984375 0.837708830548926 0.103125 0.10501193317422435
2 0.3953125 0.8496420047732697 0.0984375 0.10739856801909307
2 0.0828125 0.9284009546539379 0.1375 0.1431980906921241
2 0.61796875 0.847255369928401 0.08125 0.05489260143198091
2 0.98828125 0.8162291169451074 0.0234375 0.081145584725537
2 0.22734375 0.837708830548926 0.0265625 0.0405727923627685
2 0.2953125 0.837708830548926 0.0296875 0.028639618138424822
2 0.028125 0.9534606205250596 0.05625 0.09307875894988067
2 0.92890625 0.8210023866348448 0.1109375 0.081145584725537
2 0.2484375 0.8353221957040573 0.021875 0.028639618138424822
2 0.13671875 0.8615751789976134 0.0421875 0.05250596658711217
2 0.26640625 0.8305489260143198 0.0125 0.014319809069212411
2 0.56875 0.8448687350835322 0.0453125 0.059665871121718374