2 0.046875 0.34479166666666666 0.09375 0.10416666666666667
2 0.29375 0.334375 0.11875 0.08333333333333333
2 0.09296875 0.315625 0.05 0.020833333333333332
2 0.06640625 0.3333333333333333 0.1328125 0.12916666666666668
2 0.096875 0.31354166666666666 0.078125 0.05625
2 0.11640625 0.2947916666666667 0.053125 0.027083333333333334
2 0.325 0.31145833333333334 0.0484375 0.01875
2 0.41796875 0.334375 0.0375 0.04791666666666667
2 0.340625 0.33125 0.034375 0.020833333333333332
2 0.35 0.3177083333333333 0.0265625 0.01875
2 0.2015625 0.36354166666666665 0.040625 0.05