2 0.659375 0.40749414519906324 0.1796875 0.21311475409836064
2 0.84296875 0.6100702576112412 0.3125 0.522248243559719
2 0.71875 0.34543325526932084 0.1140625 0.1053864168618267
2 0.7390625 0.319672131147541 0.11875 0.12412177985948478
2 0.2765625 0.46955503512880564 0.2390625 0.20843091334894615
2 0.80234375 0.3126463700234192 0.0640625 0.11943793911007025
2 0.85078125 0.2903981264637002 0.0515625 0.09601873536299765
2 0.88671875 0.2611241217798595 0.05 0.07259953161592506
2 0.253125 0.5597189695550351 0.1078125 0.1686182669789227
2 0.79453125 0.31733021077283374 0.046875 0.11241217798594848
2 0.2640625 0.8782201405152225 0.528125 0.22014051522248243
5 0.1203125 0.5058548009367682 0.240625 0.34660421545667447
2 0.81484375 0.30562060889929743 0.05625 0.117096018735363