2 0.4453125 0.38645833333333335 0.19375 0.18333333333333332
5 0.2765625 0.5739583333333333 0.4640625 0.55625
2 0.9734375 0.2864583333333333 0.053125 0.020833333333333332
4 0.7 0.35520833333333335 0.06875 0.09166666666666666
4 0.9546875 0.390625 0.078125 0.11458333333333333
4 0.65703125 0.3489583333333333 0.071875 0.09791666666666667
4 0.78125 0.36041666666666666 0.0703125 0.0875
4 0.8484375 0.3729166666666667 0.08125 0.08958333333333333
4 0.88671875 0.346875 0.0765625 0.11875
4 0.6046875 0.3416666666666667 0.0828125 0.09791666666666667
4 0.56171875 0.34791666666666665 0.05 0.08333333333333333
4 0.7453125 0.3489583333333333 0.0296875 0.10625
5 0.44609375 0.3802083333333333 0.1984375 0.18958333333333333