2 0.13359375 0.684375 0.021875 0.025
2 0.9859375 0.6947916666666667 0.028125 0.041666666666666664
2 0.26171875 0.6802083333333333 0.021875 0.022916666666666665
2 0.94765625 0.6708333333333333 0.034375 0.035416666666666666
2 0.19140625 0.68125 0.021875 0.025
2 0.20703125 0.6791666666666667 0.021875 0.025
2 0.1109375 0.6864583333333333 0.0375 0.03125
2 0.2265625 0.6802083333333333 0.021875 0.020833333333333332
2 0.8953125 0.6854166666666667 0.040625 0.03958333333333333
2 0.15 0.6822916666666666 0.025 0.029166666666666667
2 0.24140625 0.6791666666666667 0.0125 0.016666666666666666