2 0.2328125 0.75 0.215625 0.19375
2 0.0703125 0.765625 0.1375 0.2520833333333333
2 0.565625 0.6875 0.096875 0.09375
2 0.6296875 0.675 0.078125 0.07291666666666667
2 0.6609375 0.671875 0.0375 0.06875
2 0.97265625 0.6666666666666666 0.025 0.04375
2 0.9609375 0.6489583333333333 0.034375 0.041666666666666664
2 0.7359375 0.6229166666666667 0.0375 0.025
2 0.9515625 0.6354166666666666 0.028125 0.022916666666666665
5 0.8359375 0.6114583333333333 0.0484375 0.1
5 0.8984375 0.6104166666666667 0.0765625 0.06666666666666667