2 0.7763466042154566 0.5 0.0468384074941452 0.015625
2 0.9309133489461359 0.49453125 0.06088992974238876 0.015625
2 0.5960187353629977 0.50703125 0.04449648711943794 0.0171875
2 0.2576112412177986 0.5109375 0.02810304449648712 0.0078125
2 0.5585480093676815 0.5078125 0.02107728337236534 0.009375
2 0.4882903981264637 0.50625 0.02810304449648712 0.015625
2 0.4063231850117096 0.50859375 0.04449648711943794 0.0125
2 0.7985948477751756 0.5 0.02576112412177986 0.0125
2 0.7517564402810304 0.5 0.03278688524590164 0.0171875
2 0.43911007025761123 0.5109375 0.02107728337236534 0.0125
2 0.5257611241217799 0.50546875 0.02576112412177986 0.00625