4 0.353125 0.4637883008356546 0.10625 0.16434540389972144
4 0.8703125 0.43036211699164345 0.0421875 0.10027855153203342
4 0.83046875 0.4331476323119777 0.0578125 0.10584958217270195
4 0.790625 0.4331476323119777 0.0375 0.11142061281337047
4 0.75078125 0.435933147632312 0.05625 0.11142061281337047
4 0.4109375 0.4596100278551532 0.0640625 0.1532033426183844
4 0.62265625 0.4735376044568245 0.0296875 0.05013927576601671
4 0.58203125 0.45403899721448465 0.05 0.10584958217270195
4 0.5375 0.44428969359331477 0.0421875 0.12534818941504178
4 0.07734375 0.49303621169916434 0.1546875 0.21727019498607242
4 0.4375 0.4582172701949861 0.0546875 0.14484679665738162
4 0.28203125 0.4735376044568245 0.040625 0.17270194986072424
4 0.4609375 0.4582172701949861 0.05 0.12534818941504178