2 0.4390625 0.8085106382978723 0.015625 0.047872340425531915
2 0.496875 0.875 0.025 0.06382978723404255
2 0.49375 0.8324468085106383 0.015625 0.05319148936170213
2 0.53671875 0.8563829787234043 0.0171875 0.0797872340425532
2 0.48984375 0.7819148936170213 0.015625 0.0425531914893617
2 0.48984375 0.7526595744680851 0.0171875 0.047872340425531915
2 0.45390625 0.8909574468085106 0.021875 0.06382978723404255
2 0.45 0.9680851063829787 0.025 0.05851063829787234
5 0.5203125 0.8803191489361702 0.0234375 0.1276595744680851
2 0.46328125 0.7845744680851063 0.0140625 0.05319148936170213
2 0.553125 0.973404255319149 0.028125 0.05319148936170213
5 0.375 0.9813829787234043 0.040625 0.03723404255319149
2 0.4953125 0.949468085106383 0.0234375 0.07446808510638298
2 0.49140625 0.6675531914893617 0.00625 0.02127659574468085