5 0.47890625 0.5292740046838408 0.11875 0.16393442622950818
5 0.88046875 0.5117096018735363 0.0578125 0.0585480093676815
5 0.05625 0.6018735362997658 0.05 0.03747072599531616
5 0.9703125 0.5362997658079626 0.059375 0.1053864168618267
5 0.67265625 0.5491803278688525 0.09375 0.10304449648711944
2 0.5359375 0.5644028103044496 0.0296875 0.07259953161592506
2 0.1015625 0.6030444964871194 0.025 0.03278688524590164
2 0.0921875 0.5995316159250585 0.046875 0.03981264637002342
2 0.825 0.5175644028103045 0.0609375 0.05152224824355972
5 0.77265625 0.5456674473067916 0.109375 0.11007025761124122
2 0.07265625 0.6018735362997658 0.025 0.03747072599531616
5 0.59296875 0.5644028103044496 0.0875 0.1053864168618267