2 0.8155258764607679 0.1796875 0.19365609348914858 0.10625
2 0.5158597662771286 0.1703125 0.29549248747913187 0.1546875
2 0.1343906510851419 0.1890625 0.2687813021702838 0.1234375
2 0.35392320534223703 0.171875 0.2637729549248748 0.0671875
2 0.1010016694490818 0.1140625 0.2020033388981636 0.053125
2 0.2387312186978297 0.1234375 0.10684474123539232 0.0421875
2 0.5409015025041736 0.10234375 0.14023372287145242 0.03125
2 0.28213689482470783 0.11953125 0.04674457429048414 0.0359375
2 0.035058430717863104 0.19765625 0.07011686143572621 0.0984375
5 0.10517529215358931 0.11171875 0.20701168614357263 0.065625
5 0.5175292153589316 0.1625 0.2888146911519199 0.146875