2 0.3515625 0.47690763052208834 0.0515625 0.050200803212851405
2 0.36484375 0.44377510040160645 0.0359375 0.03614457831325301
2 0.59921875 0.44779116465863456 0.04375 0.05622489959839357
2 0.56640625 0.4467871485943775 0.0265625 0.04819277108433735
2 0.48203125 0.40963855421686746 0.0296875 0.030120481927710843
2 0.465625 0.39457831325301207 0.01875 0.02208835341365462
2 0.42421875 0.39759036144578314 0.01875 0.02208835341365462
2 0.384375 0.41767068273092367 0.0265625 0.024096385542168676
2 0.08046875 0.49096385542168675 0.05625 0.05823293172690763
2 0.51484375 0.4026104417670683 0.021875 0.02208835341365462
2 0.35078125 0.4497991967871486 0.0484375 0.028112449799196786
5 0.0296875 0.4929718875502008 0.05625 0.0963855421686747
2 0.4984375 0.39558232931726905 0.009375 0.014056224899598393