2 0.4453125 0.5398126463700235 0.084375 0.10070257611241218
2 0.3125 0.5573770491803278 0.08125 0.08430913348946135
2 0.30625 0.4882903981264637 0.05 0.053864168618266976
2 0.48125 0.4414519906323185 0.028125 0.03747072599531616
2 0.73046875 0.4566744730679157 0.0390625 0.03981264637002342
2 0.896875 0.594847775175644 0.20625 0.11475409836065574
2 0.421875 0.4426229508196721 0.0265625 0.03044496487119438
2 0.69140625 0.4414519906323185 0.0203125 0.02576112412177986
2 0.709375 0.446135831381733 0.0171875 0.02810304449648712
2 0.72890625 0.43208430913348944 0.025 0.01639344262295082
2 0.95703125 0.4953161592505855 0.0625 0.06323185011709602
2 0.29921875 0.522248243559719 0.0578125 0.03981264637002342
2 0.31171875 0.4601873536299766 0.0421875 0.02810304449648712