4 0.2046875 0.66875 0.2734375 0.3
4 0.38671875 0.79375 0.2484375 0.38333333333333336
4 0.4296875 0.678125 0.2703125 0.18958333333333333
4 0.3890625 0.5333333333333333 0.090625 0.11875
4 0.92578125 0.4864583333333333 0.1484375 0.19791666666666666
4 0.975 0.53125 0.05 0.15625
4 0.746875 0.4552083333333333 0.1359375 0.16041666666666668
4 0.13984375 0.5729166666666666 0.1515625 0.27708333333333335
4 0.621875 0.41458333333333336 0.1421875 0.17083333333333334
4 0.58515625 0.8145833333333333 0.33125 0.35
4 0.74921875 0.8552083333333333 0.5015625 0.28958333333333336
4 0.5890625 0.36041666666666666 0.0515625 0.06458333333333334
4 0.86640625 0.45625 0.1546875 0.22291666666666668