2 0.27985948477751754 0.196875 0.16393442622950818 0.1125
4 0.5199063231850117 0.690625 0.3044496487119438 0.346875
5 0.09953161592505855 0.125 0.1873536299765808 0.24375
2 0.24941451990632318 0.14140625 0.12177985948477751 0.0671875
2 0.3548009367681499 0.13203125 0.0468384074941452 0.0203125
5 0.25995316159250587 0.140625 0.1405152224824356 0.06875
2 0.689695550351288 0.1453125 0.12177985948477751 0.0859375
2 0.7716627634660421 0.1359375 0.01873536299765808 0.0234375
2 0.41100702576112413 0.13671875 0.04449648711943794 0.03125
4 0.37822014051522246 0.22265625 0.0936768149882904 0.1140625
4 0.5971896955503513 0.215625 0.07962529274004684 0.1