2 0.290625 0.4262295081967213 0.071875 0.06088992974238876
2 0.22421875 0.34660421545667447 0.0328125 0.06557377049180328
2 0.13203125 0.33840749414519905 0.0359375 0.03981264637002342
2 0.1640625 0.4028103044496487 0.0671875 0.07259953161592506
2 0.03671875 0.43911007025761123 0.0671875 0.07494145199063232
2 0.33359375 0.3524590163934426 0.0578125 0.04918032786885246
2 0.2390625 0.32084309133489464 0.0453125 0.0351288056206089
5 0.28984375 0.3231850117096019 0.0578125 0.04215456674473068
2 0.32109375 0.4882903981264637 0.0921875 0.04918032786885246
2 0.08125 0.3477751756440281 0.0359375 0.04918032786885246
2 0.00859375 0.373536299765808 0.0171875 0.06088992974238876
2 0.2875 0.3548009367681499 0.0640625 0.05620608899297424
1 0.0828125 0.2962529274004684 0.0296875 0.05620608899297424
2 0.1328125 0.29508196721311475 0.0328125 0.0351288056206089
1 0.20390625 0.29156908665105385 0.0578125 0.053864168618266976
5 0.05703125 0.29859484777517564 0.0375 0.08430913348946135