0 0.809375 0.5239583333333333 0.0890625 0.175
0 0.93203125 0.5145833333333333 0.1171875 0.19375
0 0.4578125 0.4979166666666667 0.0703125 0.14375
0 0.521875 0.5135416666666667 0.0734375 0.16875
0 0.725 0.5239583333333333 0.075 0.16458333333333333
4 0.6328125 0.5375 0.128125 0.3020833333333333
4 0.14375 0.49166666666666664 0.115625 0.275
4 0.3078125 0.49895833333333334 0.1296875 0.26666666666666666
0 0.54375 0.5447916666666667 0.015625 0.052083333333333336
0 0.50234375 0.6135416666666667 0.0328125 0.12083333333333333
4 0.06640625 0.5177083333333333 0.1046875 0.22083333333333333
5 0.27890625 0.3625 0.08125 0.07708333333333334