0 0.51875 0.5239583333333333 0.3375 0.45625
2 0.0921875 0.32083333333333336 0.1203125 0.052083333333333336
2 0.140625 0.3020833333333333 0.0671875 0.05
2 0.65703125 0.30416666666666664 0.0703125 0.035416666666666666
2 0.5890625 0.30104166666666665 0.071875 0.04791666666666667
2 0.715625 0.3 0.0828125 0.03333333333333333
2 0.8234375 0.3020833333333333 0.053125 0.027083333333333334
2 0.22421875 0.30625 0.0875 0.03958333333333333
2 0.559375 0.30520833333333336 0.0296875 0.035416666666666666
2 0.78359375 0.3 0.046875 0.029166666666666667
2 0.75234375 0.30104166666666665 0.0546875 0.03333333333333333