0 0.74921875 0.5302083333333333 0.1234375 0.29791666666666666
0 0.8203125 0.38645833333333335 0.084375 0.125
0 0.4578125 0.3125 0.0234375 0.041666666666666664
2 0.53046875 0.31354166666666666 0.1015625 0.06666666666666667
2 0.140625 0.278125 0.0484375 0.04791666666666667
2 0.52734375 0.30520833333333336 0.1125 0.05625
0 0.1484375 0.40520833333333334 0.234375 0.24166666666666667
0 0.9078125 0.4083333333333333 0.046875 0.15
0 0.02734375 0.2791666666666667 0.00625 0.03333333333333333
0 0.43046875 0.303125 0.0203125 0.029166666666666667
2 0.0578125 0.27395833333333336 0.0328125 0.03333333333333333
2 0.9 0.3229166666666667 0.03125 0.03333333333333333