0 0.278125 0.69375 0.1 0.08125
0 0.54453125 0.66875 0.0578125 0.06875
2 0.709375 0.6364583333333333 0.1828125 0.08541666666666667
2 0.25234375 0.634375 0.10625 0.05416666666666667
2 0.79921875 0.6052083333333333 0.0609375 0.0375
2 0.8796875 0.5979166666666667 0.028125 0.022916666666666665
2 0.8421875 0.5989583333333334 0.040625 0.025
2 0.90546875 0.596875 0.053125 0.03125
2 0.94453125 0.5916666666666667 0.0359375 0.029166666666666667
2 0.0453125 0.6677083333333333 0.090625 0.075
0 0.50546875 0.6510416666666666 0.046875 0.0625
0 0.1640625 0.6510416666666666 0.0265625 0.041666666666666664
0 0.13125 0.6447916666666667 0.0125 0.03125
0 0.178125 0.6458333333333334 0.0125 0.03958333333333333
0 0.06796875 0.6427083333333333 0.0140625 0.03333333333333333
0 0.61328125 0.678125 0.0625 0.075
0 0.48671875 0.6614583333333334 0.046875 0.052083333333333336
2 0.60703125 0.6041666666666666 0.103125 0.05625
2 0.984375 0.5885416666666666 0.03125 0.020833333333333332
2 0.1921875 0.6322916666666667 0.028125 0.03958333333333333
2 0.96953125 0.5895833333333333 0.0234375 0.022916666666666665
5 0.51796875 0.5166666666666667 0.13125 0.17916666666666667
0 0.34765625 0.6479166666666667 0.0125 0.04375