1 0.54921875 0.5398126463700235 0.5296875 0.2693208430913349
1 0.940625 0.5187353629976581 0.11875 0.3231850117096019
1 0.25234375 0.477751756440281 0.0703125 0.08665105386416862
1 0.17578125 0.5 0.0265625 0.0585480093676815
1 0.84375 0.522248243559719 0.0765625 0.16393442622950818
1 0.203125 0.4953161592505855 0.034375 0.07494145199063232
1 0.0984375 0.5117096018735363 0.0390625 0.04215456674473068
1 0.0328125 0.5187353629976581 0.025 0.03278688524590164
1 0.053125 0.5175644028103045 0.025 0.03278688524590164
1 0.12421875 0.5058548009367682 0.0265625 0.04449648711943794
1 0.15390625 0.5011709601873536 0.025 0.053864168618266976