5 0.415625 0.5822916666666667 0.046875 0.06875
5 0.3390625 0.5958333333333333 0.075 0.05
5 0.115625 0.5479166666666667 0.084375 0.03958333333333333
5 0.253125 0.5947916666666667 0.053125 0.05
5 0.48671875 0.5885416666666666 0.0765625 0.052083333333333336
5 0.58671875 0.5958333333333333 0.0515625 0.041666666666666664
5 0.7078125 0.59375 0.065625 0.04583333333333333
5 0.65078125 0.559375 0.0828125 0.041666666666666664
5 0.971875 0.6677083333333333 0.05625 0.06041666666666667
5 0.89453125 0.5510416666666667 0.0375 0.029166666666666667
5 0.7484375 0.5541666666666667 0.071875 0.04583333333333333
5 0.9625 0.5739583333333333 0.075 0.07708333333333334
5 0.0703125 0.48333333333333334 0.040625 0.027083333333333334