2 0.74140625 0.5590062111801242 0.053125 0.055900621118012424
2 0.875 0.5170807453416149 0.021875 0.027950310559006212
2 0.90703125 0.5869565217391305 0.0390625 0.055900621118012424
2 0.52265625 0.5186335403726708 0.06875 0.046583850931677016
2 0.8390625 0.5357142857142857 0.0296875 0.034161490683229816
2 0.89296875 0.5093167701863354 0.0234375 0.024844720496894408
2 0.93359375 0.5481366459627329 0.034375 0.034161490683229816
2 0.809375 0.5403726708074534 0.028125 0.037267080745341616
2 0.5984375 0.5139751552795031 0.040625 0.034161490683229816
2 0.59375 0.4798136645962733 0.0265625 0.021739130434782608
2 0.45859375 0.4658385093167702 0.0265625 0.021739130434782608
2 0.78046875 0.5512422360248447 0.034375 0.049689440993788817