2 0.9671875 0.6123188405797102 0.05625 0.04830917874396135
0 0.56796875 0.7089371980676329 0.0375 0.0966183574879227
0 0.7484375 0.643719806763285 0.0328125 0.08454106280193237
0 0.68828125 0.678743961352657 0.0328125 0.057971014492753624
0 0.83046875 0.643719806763285 0.0234375 0.04106280193236715
0 0.79765625 0.642512077294686 0.0421875 0.06763285024154589
0 0.6046875 0.6908212560386473 0.053125 0.11594202898550725
0 0.715625 0.6557971014492754 0.028125 0.08695652173913043
0 0.7640625 0.6340579710144928 0.025 0.06280193236714976
0 0.85078125 0.6570048309178744 0.0078125 0.028985507246376812
0 0.86328125 0.6292270531400966 0.0203125 0.06280193236714976
1 0.925 0.5676328502415459 0.0125 0.06280193236714976
0 0.9125 0.6413043478260869 0.015625 0.05555555555555555
0 0.9390625 0.6364734299516909 0.01875 0.05555555555555555
1 0.93984375 0.5374396135265701 0.0375 0.08695652173913043
0 0.6484375 0.6847826086956522 0.065625 0.09178743961352658