2 0.3125 0.7760416666666666 0.0484375 0.05
2 0.39765625 0.765625 0.0265625 0.029166666666666667
2 0.33203125 0.7635416666666667 0.0359375 0.03333333333333333
4 0.6875 0.8260416666666667 0.0296875 0.07708333333333334
4 0.74375 0.8802083333333334 0.046875 0.10208333333333333
4 0.08046875 0.9302083333333333 0.1390625 0.13958333333333334
2 0.34921875 0.759375 0.0265625 0.0375
5 0.78359375 0.7854166666666667 0.10625 0.1625
4 0.26484375 0.8427083333333333 0.046875 0.07291666666666667
2 0.67109375 0.784375 0.078125 0.06875
2 0.09375 0.8104166666666667 0.05 0.04583333333333333
2 0.3703125 0.7635416666666667 0.01875 0.03958333333333333
4 0.3609375 0.8177083333333334 0.0421875 0.022916666666666665