2 0.496875 0.4461722488038278 0.16875 0.19138755980861244
2 0.90078125 0.38636363636363635 0.1 0.15311004784688995
2 0.446875 0.34330143540669855 0.04375 0.01674641148325359
2 0.1359375 0.5299043062200957 0.11875 0.24401913875598086
4 0.271875 0.8791866028708134 0.540625 0.24162679425837322
4 0.75 0.5885167464114832 0.1265625 0.3062200956937799
4 0.6078125 0.7368421052631579 0.2546875 0.5
2 0.4953125 0.32894736842105265 0.0984375 0.05502392344497608
2 0.4203125 0.3229665071770335 0.0265625 0.03349282296650718
2 0.66171875 0.35287081339712917 0.0359375 0.07177033492822966
2 0.7640625 0.39354066985645936 0.1921875 0.2511961722488038
2 0.1109375 0.37320574162679426 0.109375 0.11961722488038277
4 0.159375 0.7488038277511961 0.2 0.24641148325358853
4 0.81875 0.4449760765550239 0.046875 0.13636363636363635