2 0.6841317365269461 0.718 0.023952095808383235 0.018
2 0.5568862275449101 0.715 0.03293413173652695 0.018
2 0.6841317365269461 0.676 0.02694610778443114 0.016
2 0.6452095808383234 0.681 0.023952095808383235 0.014
2 0.7455089820359282 0.599 0.029940119760479042 0.01
2 0.718562874251497 0.584 0.02694610778443114 0.012
1 0.7529940119760479 0.654 0.02694610778443114 0.026
5 0.5853293413173652 0.752 0.05688622754491018 0.034
5 0.7574850299401198 0.649 0.038922155688622756 0.026
5 0.7769461077844312 0.621 0.023952095808383235 0.024
5 0.7664670658682635 0.729 0.038922155688622756 0.024
2 0.5688622754491018 0.704 0.03293413173652695 0.022
2 0.7455089820359282 0.691 0.03293413173652695 0.016
2 0.7844311377245509 0.589 0.023952095808383235 0.014
2 0.6601796407185628 0.678 0.023952095808383235 0.014
2 0.688622754491018 0.648 0.020958083832335328 0.01