2 0.67421875 0.5117096018735363 0.1015625 0.06557377049180328
2 0.60390625 0.4859484777517564 0.0859375 0.04918032786885246
2 0.61953125 0.5140515222482436 0.0578125 0.05620608899297424
4 0.2359375 0.617096018735363 0.3640625 0.37236533957845436
4 0.9640625 0.5456674473067916 0.05625 0.09601873536299765
4 0.8546875 0.531615925058548 0.071875 0.07494145199063232
4 0.80390625 0.5304449648711944 0.0421875 0.07728337236533958
4 0.7421875 0.5304449648711944 0.0328125 0.0585480093676815
4 0.7265625 0.522248243559719 0.05 0.07728337236533958
4 0.684375 0.5257611241217799 0.0546875 0.06088992974238876
2 0.52109375 0.4918032786885246 0.0171875 0.01639344262295082
4 0.90703125 0.5386416861826698 0.059375 0.09133489461358314