2 0.2546875 0.7867132867132867 0.1234375 0.12354312354312354
2 0.621875 0.7342657342657343 0.0578125 0.055944055944055944
5 0.3921875 0.6713286713286714 0.125 0.20512820512820512
2 0.5453125 0.7482517482517482 0.0328125 0.07692307692307693
2 0.490625 0.7575757575757576 0.1015625 0.13752913752913754
5 0.61640625 0.6806526806526807 0.065625 0.12354312354312354
5 0.5515625 0.6701631701631702 0.0328125 0.05128205128205128
2 0.65546875 0.6666666666666666 0.0109375 0.018648018648018648
2 0.6734375 0.6748251748251748 0.01875 0.02097902097902098
2 0.9046875 0.6911421911421911 0.0171875 0.006993006993006993
2 0.89140625 0.6899766899766899 0.01875 0.009324009324009324
2 0.53046875 0.6794871794871795 0.0140625 0.02097902097902098
2 0.503125 0.6783216783216783 0.0296875 0.016317016317016316