2 0.3223684210526316 0.315625 0.07017543859649122 0.025
2 0.2741228070175439 0.31640625 0.06578947368421052 0.028125
2 0.5350877192982456 0.3109375 0.06140350877192982 0.03125
0 0.03399122807017544 0.37734375 0.05921052631578947 0.0859375
0 0.044956140350877194 0.34765625 0.08991228070175439 0.1109375
0 0.10855263157894737 0.36796875 0.07236842105263158 0.0640625
0 0.14364035087719298 0.3609375 0.05263157894736842 0.075
0 0.16885964912280702 0.359375 0.07017543859649122 0.084375
0 0.24232456140350878 0.35234375 0.07675438596491228 0.08125
0 0.2916666666666667 0.3609375 0.03728070175438596 0.0671875
0 0.015350877192982455 0.3921875 0.03070175438596491 0.059375
0 0.3125 0.35390625 0.043859649122807015 0.0765625
0 0.19956140350877194 0.3609375 0.05263157894736842 0.065625
2 0.2708333333333333 0.30390625 0.05921052631578947 0.0171875
2 0.7072368421052632 0.340625 0.13596491228070176 0.09375
2 0.7708333333333334 0.3453125 0.08114035087719298 0.059375