4 0.35546875 0.667447306791569 0.271875 0.46604215456674475
4 0.6828125 0.446135831381733 0.125 0.22950819672131148
4 0.509375 0.3360655737704918 0.0203125 0.08899297423887588
4 0.4921875 0.4168618266978923 0.0375 0.16159250585480095
4 0.5265625 0.31733021077283374 0.01875 0.06557377049180328
4 0.61015625 0.35362997658079626 0.040625 0.08196721311475409
5 0.80234375 0.2728337236533958 0.0890625 0.06088992974238876
4 0.53828125 0.29859484777517564 0.01875 0.07728337236533958
4 0.52109375 0.2693208430913349 0.015625 0.02107728337236534
4 0.590625 0.28805620608899296 0.0140625 0.05152224824355972
4 0.57578125 0.2857142857142857 0.0125 0.0468384074941452
4 0.58515625 0.2576112412177986 0.01875 0.01873536299765808
4 0.59140625 0.3149882903981265 0.021875 0.08196721311475409