2 0.985 0.9533333333333334 0.03 0.029333333333333333
2 0.696 0.984 0.034 0.029333333333333333
2 0.951 0.9733333333333334 0.03 0.04
2 0.544 0.988 0.058 0.024
2 0.894 0.9733333333333334 0.074 0.050666666666666665
5 0.838 0.9746666666666667 0.134 0.050666666666666665
5 0.599 0.9653333333333334 0.076 0.037333333333333336
2 0.729 0.9813333333333333 0.036 0.034666666666666665
2 0.639 0.984 0.054 0.032
2 0.513 0.992 0.044 0.013333333333333334
2 0.978 0.9706666666666667 0.038 0.04
1 0.799 0.516 0.218 0.37333333333333335
5 0.544 0.9853333333333333 0.058 0.029333333333333333
2 0.604 0.9866666666666667 0.034 0.02666666666666667
5 0.778 0.976 0.068 0.048