4 0.16875 0.5552083333333333 0.2125 0.26875
4 0.290625 0.528125 0.0984375 0.21041666666666667
4 0.3453125 0.496875 0.109375 0.17083333333333334
4 0.81328125 0.5791666666666667 0.271875 0.3625
4 0.64765625 0.5020833333333333 0.1453125 0.16041666666666668
4 0.0828125 0.6791666666666667 0.1578125 0.3958333333333333
4 0.5703125 0.4239583333333333 0.065625 0.0625
4 0.38828125 0.4666666666666667 0.065625 0.13125
4 0.41171875 0.4510416666666667 0.046875 0.09791666666666667
4 0.446875 0.4270833333333333 0.0421875 0.0625
4 0.6140625 0.453125 0.1234375 0.12291666666666666
4 0.42734375 0.440625 0.046875 0.06666666666666667
4 0.45703125 0.4197916666666667 0.0265625 0.04375