4 0.53984375 0.6197916666666666 0.325 0.23958333333333334
4 0.746875 0.5072916666666667 0.0515625 0.08125
4 0.62578125 0.44479166666666664 0.0453125 0.03333333333333333
4 0.25390625 0.4427083333333333 0.0609375 0.07083333333333333
4 0.73671875 0.528125 0.025 0.06458333333333334
4 0.76640625 0.484375 0.0625 0.09166666666666666
4 0.29296875 0.4427083333333333 0.0453125 0.06458333333333334
4 0.19296875 0.45416666666666666 0.065625 0.058333333333333334
4 0.046875 0.4479166666666667 0.0890625 0.1
4 0.5890625 0.5083333333333333 0.053125 0.11041666666666666
4 0.81328125 0.478125 0.0578125 0.06041666666666667
4 0.33046875 0.44375 0.0453125 0.06666666666666667
4 0.509375 0.5010416666666667 0.0234375 0.07083333333333333