2 0.46015625 0.5529411764705883 0.090625 0.0611764705882353
2 0.26953125 0.5552941176470588 0.0640625 0.05647058823529412
2 0.18984375 0.5447058823529412 0.1109375 0.03764705882352941
2 0.87734375 0.54 0.059375 0.03764705882352941
2 0.35234375 0.5423529411764706 0.040625 0.03764705882352941
2 0.98515625 0.5694117647058824 0.0296875 0.04470588235294118
2 0.83984375 0.5352941176470588 0.0421875 0.03294117647058824
5 0.62578125 0.5470588235294118 0.1359375 0.08235294117647059
2 0.7828125 0.5317647058823529 0.0390625 0.02823529411764706
2 0.7359375 0.528235294117647 0.0203125 0.023529411764705882
5 0.015625 0.5305882352941177 0.0296875 0.06823529411764706