2 0.890625 0.8796875 0.21875 0.240625
2 0.68125 0.790625 0.07708333333333334 0.028125
2 0.5395833333333333 0.78046875 0.04375 0.0328125
2 0.8010416666666667 0.86484375 0.09791666666666667 0.178125
2 0.253125 0.81640625 0.08541666666666667 0.05625
2 0.38333333333333336 0.809375 0.07916666666666666 0.0546875
2 0.821875 0.83671875 0.20416666666666666 0.1828125
2 0.759375 0.77890625 0.07916666666666666 0.075
1 0.47291666666666665 0.77734375 0.11041666666666666 0.096875
1 0.6166666666666667 0.73671875 0.035416666666666666 0.0578125
1 0.5833333333333334 0.72265625 0.04583333333333333 0.0234375
1 0.7177083333333333 0.74375 0.052083333333333336 0.04375
1 0.6604166666666667 0.74921875 0.05625 0.0421875
1 0.721875 0.7140625 0.041666666666666664 0.015625