0 0.212 0.7824933687002652 0.082 0.16180371352785147
0 0.766 0.7095490716180372 0.034 0.10344827586206896
2 0.472 0.6803713527851459 0.086 0.11405835543766578
0 0.85 0.6551724137931034 0.022 0.06631299734748011
0 0.869 0.6763925729442971 0.014 0.042440318302387266
0 0.881 0.6671087533156499 0.028 0.05570291777188329
0 0.974 0.6246684350132626 0.034 0.03713527851458886
0 0.73 0.6816976127320955 0.024 0.07692307692307693
0 0.795 0.6856763925729443 0.018 0.03713527851458886
0 0.751 0.7042440318302388 0.016 0.06631299734748011
5 0.272 0.7042440318302388 0.246 0.17771883289124668
0 0.823 0.6644562334217506 0.024 0.0610079575596817