0 0.9203125 0.796875 0.0515625 0.06041666666666667
2 0.240625 0.7916666666666666 0.159375 0.10208333333333333
2 0.16953125 0.784375 0.090625 0.09791666666666667
2 0.11484375 0.7791666666666667 0.0625 0.08333333333333333
2 0.4078125 0.7708333333333334 0.1390625 0.11875
2 0.3125 0.7604166666666666 0.071875 0.029166666666666667
4 0.05625 0.8385416666666666 0.0578125 0.1125
4 0.3609375 0.7958333333333333 0.0375 0.07708333333333334
4 0.4265625 0.80625 0.0296875 0.07083333333333333
4 0.96796875 0.8083333333333333 0.0609375 0.06458333333333334
2 0.0234375 0.7604166666666666 0.046875 0.08125