4 0.6322916666666667 0.79296875 0.1375 0.321875
4 0.4270833333333333 0.81015625 0.22291666666666668 0.3015625
4 0.24895833333333334 0.809375 0.22916666666666666 0.25625
4 0.875 0.8046875 0.25 0.315625
4 0.13958333333333334 0.715625 0.13958333333333334 0.1421875
4 0.5416666666666666 0.69140625 0.07083333333333333 0.2140625
4 0.703125 0.65234375 0.041666666666666664 0.0984375
4 0.265625 0.66015625 0.14583333333333334 0.1109375
4 0.6541666666666667 0.6609375 0.08958333333333333 0.0875
4 0.9614583333333333 0.69921875 0.07708333333333334 0.1234375
4 0.3802083333333333 0.58046875 0.025 0.01875
4 0.25625 0.59765625 0.03125 0.04375
4 0.051041666666666666 0.78203125 0.10208333333333333 0.2421875