2 0.21640625 0.45208333333333334 0.078125 0.04583333333333333
4 0.43515625 0.771875 0.425 0.43333333333333335
4 0.8828125 0.5114583333333333 0.1015625 0.15833333333333333
4 0.79375 0.47708333333333336 0.1109375 0.15625
4 0.70625 0.47604166666666664 0.1125 0.09583333333333334
4 0.62890625 0.459375 0.071875 0.05
4 0.31015625 0.6447916666666667 0.390625 0.38333333333333336
4 0.046875 0.49583333333333335 0.0609375 0.11666666666666667
4 0.1171875 0.534375 0.1 0.2125
4 0.56015625 0.46041666666666664 0.0375 0.07083333333333333
4 0.2921875 0.5427083333333333 0.2078125 0.16458333333333333
4 0.1671875 0.5447916666666667 0.1625 0.24375
4 0.02421875 0.484375 0.04375 0.07291666666666667
2 0.1921875 0.43125 0.05625 0.022916666666666665
2 0.02890625 0.4395833333333333 0.0578125 0.0375
4 0.50390625 0.4822916666666667 0.06875 0.1