2 0.88671875 0.7917647058823529 0.04375 0.047058823529411764
2 0.9734375 0.7941176470588235 0.053125 0.047058823529411764
4 0.49921875 0.7823529411764706 0.065625 0.058823529411764705
4 0.54296875 0.7858823529411765 0.0453125 0.04941176470588235
4 0.59453125 0.7870588235294118 0.034375 0.058823529411764705
4 0.8390625 0.7847058823529411 0.0671875 0.08235294117647059
4 0.6921875 0.7811764705882352 0.090625 0.08235294117647059
2 0.06015625 0.7505882352941177 0.034375 0.05176470588235294
2 0.8546875 0.7941176470588235 0.040625 0.03529411764705882
5 0.91875 0.7894117647058824 0.0765625 0.047058823529411764
2 0.76640625 0.7835294117647059 0.0515625 0.05176470588235294
2 0.81328125 0.7776470588235294 0.0265625 0.042352941176470586