2 0.526 0.6293333333333333 0.118 0.12266666666666666
2 0.362 0.816 0.716 0.368
2 0.652 0.5933333333333334 0.182 0.12
2 0.42 0.6093333333333333 0.042 0.09066666666666667
2 0.336 0.5893333333333334 0.39 0.14133333333333334
2 0.318 0.564 0.08 0.09333333333333334
2 0.212 0.552 0.052 0.06666666666666667
2 0.704 0.7506666666666667 0.588 0.384
2 0.423 0.5933333333333334 0.11 0.104
2 0.286 0.5586666666666666 0.078 0.09866666666666667
2 0.283 0.508 0.054 0.032
2 0.824 0.5373333333333333 0.11 0.050666666666666665
2 0.339 0.5733333333333334 0.086 0.088