2 0.938 0.37733333333333335 0.124 0.216
4 0.5 0.78 1 0.4186666666666667
4 0.52 0.62 0.96 0.6453333333333333
4 0.501 0.4666666666666667 0.436 0.16
4 0.495 0.36 0.342 0.18666666666666668
2 0.471 0.304 0.052 0.042666666666666665
4 0.486 0.48533333333333334 0.552 0.2853333333333333
4 0.489 0.348 0.162 0.08266666666666667
4 0.47 0.31866666666666665 0.05 0.050666666666666665
4 0.435 0.38533333333333336 0.16 0.058666666666666666
4 0.464 0.3373333333333333 0.06 0.02666666666666667
4 0.457 0.3293333333333333 0.01 0.013333333333333334