2 0.14018691588785046 0.43984375 0.16355140186915887 0.078125
2 0.9077102803738317 0.4734375 0.1822429906542056 0.08125
2 0.23948598130841123 0.4171875 0.09345794392523364 0.05625
4 0.5397196261682243 0.66328125 0.3177570093457944 0.4265625
4 0.7873831775700935 0.60703125 0.2546728971962617 0.275
4 0.3364485981308411 0.6140625 0.17289719626168223 0.2765625
4 0.25934579439252337 0.56484375 0.08411214953271028 0.0734375
2 0.6460280373831776 0.4421875 0.09579439252336448 0.0328125
2 0.03271028037383177 0.4421875 0.06542056074766354 0.1203125
2 0.4544392523364486 0.403125 0.04205607476635514 0.0203125
2 0.6366822429906542 0.42265625 0.102803738317757 0.0265625
2 0.969626168224299 0.6671875 0.06074766355140187 0.103125
4 0.9018691588785047 0.58125 0.19626168224299065 0.1515625