4 0.79765625 0.6083333333333333 0.2046875 0.19166666666666668
4 0.4484375 0.6072916666666667 0.1390625 0.15416666666666667
4 0.28984375 0.596875 0.115625 0.08333333333333333
4 0.62421875 0.525 0.0328125 0.03333333333333333
4 0.94296875 0.5291666666666667 0.025 0.06458333333333334
4 0.8859375 0.5875 0.053125 0.15833333333333333
4 0.58984375 0.6 0.0625 0.12291666666666666
4 0.64453125 0.5875 0.0734375 0.10208333333333333
4 0.165625 0.5885416666666666 0.0578125 0.11875
4 0.3546875 0.5854166666666667 0.0671875 0.08541666666666667
4 0.22109375 0.5822916666666667 0.0828125 0.09791666666666667
4 0.96640625 0.5510416666666667 0.05 0.08333333333333333