2 0.9734375 0.5850574712643678 0.053125 0.1103448275862069
2 0.09765625 0.5494252873563218 0.190625 0.1103448275862069
2 0.196875 0.542528735632184 0.059375 0.05747126436781609
2 0.21796875 0.5045977011494253 0.04375 0.0367816091954023
2 0.01328125 0.48160919540229885 0.025 0.05747126436781609
2 0.07109375 0.503448275862069 0.0859375 0.05747126436781609
2 0.14296875 0.4954022988505747 0.0640625 0.034482758620689655
1 0.52265625 0.5 0.5984375 0.2827586206896552
2 0.25 0.5632183908045977 0.0546875 0.16091954022988506
2 0.0671875 0.3563218390804598 0.05 0.0735632183908046
2 0.93984375 0.5609195402298851 0.1203125 0.1103448275862069