2 0.19765625 0.5245901639344263 0.05625 0.06791569086651054
2 0.12265625 0.5058548009367682 0.0421875 0.0468384074941452
2 0.10078125 0.4964871194379391 0.0328125 0.04449648711943794
1 0.40625 0.4894613583138173 0.365625 0.3161592505854801
1 0.18203125 0.4707259953161593 0.090625 0.053864168618266976
2 0.16875 0.5011709601873536 0.034375 0.03981264637002342
2 0.7703125 0.5070257611241218 0.090625 0.04215456674473068
1 0.8875 0.4918032786885246 0.146875 0.07494145199063232
5 0.71171875 0.49882903981264637 0.090625 0.053864168618266976
2 0.61484375 0.5058548009367682 0.05625 0.04449648711943794
2 0.04296875 0.4953161592505855 0.028125 0.03278688524590164
2 0.66328125 0.5058548009367682 0.03125 0.03981264637002342
2 0.05625 0.48009367681498827 0.028125 0.03981264637002342
2 0.04296875 0.4672131147540984 0.01875 0.01873536299765808