2 0.8640625 0.5362997658079626 0.1234375 0.08665105386416862
2 0.20625 0.5023419203747073 0.025 0.02107728337236534
1 0.5546875 0.5679156908665105 0.503125 0.4426229508196721
2 0.2796875 0.49882903981264637 0.01875 0.01639344262295082
2 0.14609375 0.5023419203747073 0.0171875 0.0234192037470726
2 0.8890625 0.48360655737704916 0.028125 0.02107728337236534
2 0.24375 0.5011709601873536 0.0265625 0.02107728337236534
2 0.103125 0.5035128805620609 0.021875 0.02107728337236534
2 0.01484375 0.5081967213114754 0.025 0.01639344262295082
2 0.79375 0.48243559718969553 0.0140625 0.01639344262295082
2 0.303125 0.5070257611241218 0.0125 0.01405152224824356