2 0.23359375 0.6030444964871194 0.065625 0.0702576112412178
2 0.4921875 0.5866510538641686 0.0375 0.03981264637002342
2 0.54140625 0.5913348946135831 0.028125 0.03044496487119438
2 0.61328125 0.5199063231850117 0.015625 0.02107728337236534
4 0.49140625 0.8864168618266979 0.075 0.15690866510538642
2 0.646875 0.468384074941452 0.015625 0.01873536299765808
2 0.621875 0.5081967213114754 0.0140625 0.01873536299765808
2 0.5234375 0.5819672131147541 0.0171875 0.02107728337236534
2 0.55859375 0.5866510538641686 0.0140625 0.02810304449648712
2 0.5890625 0.5433255269320844 0.015625 0.01873536299765808
2 0.63125 0.4918032786885246 0.0125 0.01873536299765808
2 0.5375 0.5667447306791569 0.021875 0.02107728337236534
2 0.65234375 0.45901639344262296 0.015625 0.01639344262295082
5 0.6765625 0.45901639344262296 0.01875 0.0234192037470726