2 0.38046875 0.6592505854800936 0.121875 0.07962529274004684
2 0.6 0.6545667447306791 0.125 0.07962529274004684
2 0.6984375 0.6510538641686182 0.1453125 0.08665105386416862
2 0.5265625 0.6615925058548009 0.115625 0.06323185011709602
2 0.20625 0.6639344262295082 0.06875 0.053864168618266976
2 0.1359375 0.6639344262295082 0.053125 0.03981264637002342
2 0.47265625 0.6604215456674473 0.065625 0.0468384074941452
2 0.2703125 0.6627634660421545 0.0625 0.03981264637002342
2 0.16875 0.6651053864168618 0.0234375 0.02576112412177986
2 0.3234375 0.6557377049180327 0.05 0.06088992974238876
2 0.259375 0.6498829039812647 0.0453125 0.01639344262295082
2 0.021875 0.6686182669789227 0.025 0.01639344262295082