1 0.871 0.6651651651651652 0.214 0.17717717717717718
4 0.817 0.7357357357357357 0.032 0.04504504504504504
2 0.51 0.7072072072072072 0.114 0.06306306306306306
2 0.636 0.6486486486486487 0.052 0.05405405405405406
2 0.418 0.6501501501501501 0.04 0.06006006006006006
2 0.686 0.5930930930930931 0.05 0.04804804804804805
2 0.422 0.49099099099099097 0.016 0.018018018018018018
2 0.745 0.5945945945945946 0.05 0.042042042042042045
4 0.586 0.6936936936936937 0.038 0.036036036036036036
2 0.545 0.527027027027027 0.024 0.024024024024024024
2 0.426 0.5540540540540541 0.02 0.036036036036036036
2 0.388 0.536036036036036 0.02 0.02702702702702703
2 0.406 0.5075075075075075 0.012 0.021021021021021023
2 0.504 0.521021021021021 0.02 0.024024024024024024
2 0.592 0.6066066066066066 0.042 0.04804804804804805
2 0.598 0.56006006006006 0.034 0.042042042042042045