2 0.5916666666666667 0.37890625 0.03125 0.0109375
2 0.4895833333333333 0.3796875 0.0125 0.009375
2 0.459375 0.3578125 0.020833333333333332 0.0078125
2 0.6229166666666667 0.3859375 0.01875 0.0078125
2 0.46145833333333336 0.37265625 0.010416666666666666 0.009375
2 0.64375 0.34140625 0.010416666666666666 0.0109375
2 0.659375 0.33828125 0.0125 0.0109375
2 0.4270833333333333 0.40078125 0.4270833333333333 0.0640625
2 0.5677083333333334 0.3828125 0.025 0.009375
2 0.55 0.3859375 0.025 0.0078125
2 0.6541666666666667 0.38046875 0.025 0.0109375
2 0.6083333333333333 0.359375 0.0125 0.009375
2 0.7197916666666667 0.328125 0.014583333333333334 0.0125