4 0.11484375 0.6359832635983264 0.2265625 0.4225941422594142
4 0.675 0.551255230125523 0.2078125 0.2594142259414226
4 0.9 0.5198744769874477 0.1671875 0.2112970711297071
4 0.92578125 0.4602510460251046 0.1484375 0.0794979079497908
4 0.34140625 0.5983263598326359 0.26875 0.3912133891213389
4 0.46796875 0.40690376569037656 0.0671875 0.08786610878661087
4 0.47890625 0.5826359832635983 0.1921875 0.32426778242677823
4 0.6796875 0.37447698744769875 0.0796875 0.09623430962343096
4 0.55546875 0.5732217573221757 0.2453125 0.2594142259414226
4 0.81015625 0.5177824267782427 0.1828125 0.29916317991631797
4 0.06328125 0.42573221757322177 0.0484375 0.11506276150627615
4 0.13671875 0.39435146443514646 0.0546875 0.08158995815899582
4 0.3578125 0.40794979079497906 0.05 0.1087866108786611