4 0.5859375 0.7936320754716981 0.06875 0.11084905660377359
4 0.4015625 0.8313679245283019 0.071875 0.1957547169811321
1 0.9734375 0.6025943396226415 0.053125 0.4009433962264151
1 0.91015625 0.5 0.096875 0.1721698113207547
4 0.8359375 0.8042452830188679 0.04375 0.18867924528301888
4 0.103125 0.7959905660377359 0.090625 0.21462264150943397
4 0.01953125 0.8408018867924528 0.034375 0.18396226415094338
4 0.78125 0.8160377358490566 0.0765625 0.22169811320754718
2 0.66953125 0.7735849056603774 0.1453125 0.2429245283018868
2 0.66640625 0.5955188679245284 0.103125 0.10377358490566038
5 0.51796875 0.41037735849056606 0.0359375 0.049528301886792456
2 0.8703125 0.660377358490566 0.13125 0.19811320754716982
2 0.63828125 0.6120283018867925 0.0921875 0.08018867924528301
2 0.19921875 0.6627358490566038 0.15 0.10849056603773585
2 0.0578125 0.7594339622641509 0.0890625 0.23820754716981132
2 0.43359375 0.7606132075471698 0.1671875 0.2358490566037736
2 0.53359375 0.6308962264150944 0.146875 0.10141509433962265
2 0.49375 0.7063679245283019 0.1109375 0.19339622641509435
2 0.8234375 0.6780660377358491 0.103125 0.125
2 0.425 0.6202830188679245 0.075 0.06132075471698113
5 0.45546875 0.46226415094339623 0.046875 0.10377358490566038
5 0.54375 0.45872641509433965 0.0515625 0.08018867924528301
5 0.6640625 0.5365566037735849 0.0875 0.07783018867924528
5 0.29765625 0.5117924528301887 0.059375 0.09669811320754718
5 0.33515625 0.49056603773584906 0.0546875 0.06839622641509434
2 0.48828125 0.5790094339622641 0.1140625 0.07547169811320754
2 0.2453125 0.7959905660377359 0.2796875 0.2665094339622642