2 0.08671875 0.8354166666666667 0.153125 0.11458333333333333
2 0.1921875 0.821875 0.11875 0.08541666666666667
2 0.0359375 0.7697916666666667 0.0265625 0.020833333333333332
2 0.71484375 0.7635416666666667 0.034375 0.016666666666666666
2 0.6765625 0.7645833333333333 0.040625 0.014583333333333334
2 0.76328125 0.7635416666666667 0.015625 0.014583333333333334
2 0.78984375 0.7625 0.0546875 0.020833333333333332
5 0.484375 0.8583333333333333 0.3390625 0.17083333333333334
2 0.97578125 0.8125 0.0484375 0.07708333333333334
2 0.87734375 0.7572916666666667 0.0546875 0.016666666666666666
2 0.0109375 0.7770833333333333 0.0203125 0.022916666666666665
2 0.00703125 0.821875 0.0140625 0.058333333333333334
2 0.97109375 0.7572916666666667 0.0578125 0.020833333333333332
5 0.8578125 0.7552083333333334 0.021875 0.016666666666666666
5 0.975 0.8135416666666667 0.05 0.07708333333333334
5 0.296875 0.771875 0.040625 0.027083333333333334