2 0.81875 0.17265625 0.3625 0.1265625
4 0.17604166666666668 0.65234375 0.24166666666666667 0.096875
4 0.68125 0.36875 0.3229166666666667 0.340625
4 0.17083333333333334 0.23515625 0.16666666666666666 0.08125
4 0.7739583333333333 0.40390625 0.19583333333333333 0.065625
4 0.609375 0.44609375 0.19166666666666668 0.096875
4 0.1875 0.5015625 0.19583333333333333 0.1078125
4 0.40625 0.259375 0.16875 0.0828125
4 0.503125 0.39296875 0.18541666666666667 0.0734375
4 0.3885416666666667 0.7328125 0.10625 0.0875
4 0.559375 0.671875 0.0875 0.0671875
4 0.41458333333333336 0.5765625 0.24791666666666667 0.103125
4 0.4239583333333333 0.3234375 0.16666666666666666 0.071875
4 0.353125 0.49296875 0.19166666666666668 0.0796875