2 0.778 0.6586666666666666 0.192 0.17866666666666667
2 0.586 0.6293333333333333 0.12 0.13333333333333333
4 0.495 0.8266666666666667 0.12 0.31733333333333336
4 0.659 0.688 0.102 0.21333333333333335
2 0.528 0.592 0.042 0.05333333333333334
0 0.289 0.7573333333333333 0.084 0.232
2 0.424 0.5853333333333334 0.018 0.058666666666666666
2 0.396 0.5906666666666667 0.008 0.034666666666666665
0 0.08 0.6013333333333334 0.022 0.048
0 0.103 0.6253333333333333 0.03 0.072
4 0.15 0.6333333333333333 0.036 0.09066666666666667