2 0.71484375 0.7815420560747663 0.1453125 0.09579439252336448
2 0.29765625 0.7885514018691588 0.065625 0.06542056074766354
2 0.671875 0.7313084112149533 0.1484375 0.07242990654205607
2 0.596875 0.6822429906542056 0.071875 0.06542056074766354
2 0.5828125 0.616822429906542 0.1234375 0.08411214953271028
2 0.571875 0.5747663551401869 0.1046875 0.053738317757009345
2 0.29296875 0.7429906542056075 0.0640625 0.06074766355140187
2 0.53515625 0.5186915887850467 0.0984375 0.07476635514018691
2 0.48359375 0.47313084112149534 0.0828125 0.04439252336448598
2 0.2796875 0.7126168224299065 0.059375 0.0397196261682243
2 0.2734375 0.6764018691588785 0.059375 0.07710280373831775
2 0.63671875 0.7698598130841121 0.034375 0.056074766355140186
2 0.6203125 0.6355140186915887 0.1453125 0.07710280373831775