2 0.234375 0.728125 0.14375 0.0828125
2 0.9229166666666667 0.7671875 0.15416666666666667 0.121875
2 0.08541666666666667 0.7625 0.17083333333333334 0.1421875
2 0.11666666666666667 0.70078125 0.07083333333333333 0.034375
2 0.559375 0.72421875 0.04791666666666667 0.0609375
2 0.20416666666666666 0.690625 0.08125 0.0296875
5 0.365625 0.68515625 0.25 0.0828125
2 0.45 0.709375 0.08333333333333333 0.053125
5 0.6572916666666667 0.7109375 0.16875 0.1015625
2 0.3489583333333333 0.68515625 0.22083333333333333 0.0765625
2 0.0375 0.68359375 0.06875 0.0140625