2 0.046875 0.4 0.075 0.035416666666666666
2 0.6 0.36875 0.04375 0.020833333333333332
2 0.67109375 0.359375 0.046875 0.027083333333333334
2 0.29140625 0.3885416666666667 0.059375 0.020833333333333332
2 0.36328125 0.3854166666666667 0.0625 0.025
2 0.41171875 0.384375 0.0421875 0.027083333333333334
2 0.49921875 0.375 0.01875 0.01875
2 0.54453125 0.37395833333333334 0.0453125 0.022916666666666665
2 0.2125 0.3958333333333333 0.065625 0.029166666666666667
2 0.47421875 0.3729166666666667 0.0171875 0.01875
2 0.8671875 0.365625 0.075 0.041666666666666664