2 0.2171875 0.6708015267175572 0.4078125 0.2767175572519084
2 0.09453125 0.5744274809160306 0.1265625 0.08206106870229007
2 0.4453125 0.6135496183206107 0.1625 0.16603053435114504
2 0.53828125 0.5849236641221374 0.103125 0.12595419847328243
2 0.6140625 0.5257633587786259 0.0296875 0.019083969465648856
2 0.58984375 0.5229007633587787 0.021875 0.019083969465648856
2 0.678125 0.5248091603053435 0.025 0.019083969465648856
2 0.6546875 0.5248091603053435 0.0328125 0.02099236641221374
2 0.03203125 0.5849236641221374 0.0296875 0.08015267175572519
2 0.73984375 0.5314885496183206 0.06875 0.03816793893129771
2 0.78671875 0.5333969465648855 0.0328125 0.05534351145038168
2 0.63359375 0.5248091603053435 0.021875 0.022900763358778626