2 0.12604166666666666 0.54296875 0.08958333333333333 0.0515625
2 0.3802083333333333 0.5265625 0.03958333333333333 0.034375
2 0.4125 0.5234375 0.07708333333333334 0.0328125
2 0.46458333333333335 0.52109375 0.06666666666666667 0.03125
2 0.509375 0.51875 0.05 0.0234375
2 0.6770833333333334 0.51328125 0.06041666666666667 0.0296875
2 0.6958333333333333 0.50859375 0.04375 0.0296875
2 0.7822916666666667 0.51171875 0.04583333333333333 0.028125
1 0.6479166666666667 0.4953125 0.08125 0.04375
5 0.7302083333333333 0.48984375 0.0625 0.0578125
2 0.5333333333333333 0.5125 0.05 0.0296875
5 0.26875 0.51640625 0.20416666666666666 0.1046875
5 0.64375 0.4953125 0.07083333333333333 0.0421875
5 0.5875 0.5109375 0.06875 0.0359375
2 0.6364583333333333 0.50859375 0.0375 0.0265625