2 0.1953125 0.35208333333333336 0.078125 0.03958333333333333
2 0.08515625 0.36666666666666664 0.103125 0.07083333333333333
2 0.9171875 0.4270833333333333 0.06875 0.052083333333333336
2 0.97734375 0.4239583333333333 0.0453125 0.06041666666666667
2 0.253125 0.3385416666666667 0.075 0.04791666666666667
2 0.01484375 0.37395833333333334 0.0296875 0.06875
5 0.565625 0.4635416666666667 0.1625 0.16666666666666666
5 0.55078125 0.29583333333333334 0.0421875 0.0375
2 0.65703125 0.42083333333333334 0.0296875 0.058333333333333334
2 0.59921875 0.3020833333333333 0.028125 0.025
2 0.69375 0.43125 0.0609375 0.06458333333333334