5 0.48828125 0.3104166666666667 0.178125 0.11666666666666667
2 0.39921875 0.5010416666666667 0.171875 0.14583333333333334
5 0.57109375 0.15625 0.0421875 0.058333333333333334
5 0.225 0.6104166666666667 0.2734375 0.2708333333333333
2 0.1109375 0.25 0.1109375 0.09375
2 0.0703125 0.509375 0.140625 0.21041666666666667
2 0.896875 0.7052083333333333 0.1875 0.31666666666666665
2 0.06171875 0.271875 0.1234375 0.09375
2 0.24375 0.22604166666666667 0.0703125 0.06041666666666667
2 0.98671875 0.32395833333333335 0.021875 0.07916666666666666
2 0.58671875 0.30520833333333336 0.109375 0.08958333333333333
2 0.3265625 0.20625 0.0921875 0.04583333333333333
2 0.35859375 0.196875 0.0828125 0.04375
2 0.5015625 0.2375 0.0875 0.05625