2 0.1828125 0.9671945701357466 0.190625 0.042986425339366516
2 0.44609375 0.9321266968325792 0.1359375 0.12669683257918551
2 0.72890625 0.8891402714932126 0.0421875 0.03167420814479638
2 0.7796875 0.8925339366515838 0.04375 0.05656108597285068
1 0.13671875 0.9038461538461539 0.26875 0.16968325791855204
1 0.73359375 0.8552036199095022 0.053125 0.04524886877828054
2 0.76640625 0.8687782805429864 0.0296875 0.03619909502262444
2 0.83671875 0.8529411764705882 0.021875 0.027149321266968326
5 0.63125 0.9061085972850679 0.0859375 0.083710407239819
2 0.8078125 0.8755656108597285 0.03125 0.033936651583710405
2 0.98046875 0.8947963800904978 0.0390625 0.05656108597285068