0 0.6171875 0.7266355140186916 0.240625 0.21728971962616822
0 0.153125 0.8271028037383178 0.2984375 0.3247663551401869
0 0.91015625 0.5654205607476636 0.028125 0.07009345794392523
0 0.934375 0.5315420560747663 0.01875 0.053738317757009345
2 0.24453125 0.5992990654205608 0.46875 0.3247663551401869
2 0.4328125 0.572429906542056 0.253125 0.1822429906542056
2 0.50859375 0.522196261682243 0.196875 0.13551401869158877
2 0.71171875 0.5 0.1265625 0.07710280373831775
2 0.64140625 0.5315420560747663 0.11875 0.12149532710280374
2 0.7 0.5315420560747663 0.1015625 0.08644859813084112
2 0.69140625 0.5502336448598131 0.0875 0.07710280373831775
0 0.96640625 0.5151869158878505 0.0078125 0.028037383177570093
2 0.76328125 0.5116822429906542 0.071875 0.06074766355140187
2 0.76484375 0.5046728971962616 0.0828125 0.056074766355140186
2 0.8046875 0.4871495327102804 0.025 0.02570093457943925
2 0.778125 0.4848130841121495 0.075 0.035046728971962614
2 0.70390625 0.5105140186915887 0.1 0.08177570093457943