2 0.35234375 0.45 0.115625 0.09166666666666666
2 0.5375 0.42916666666666664 0.0375 0.04583333333333333
2 0.88515625 0.434375 0.0546875 0.05
2 0.24609375 0.45208333333333334 0.125 0.09375
2 0.58359375 0.4479166666666667 0.0875 0.09583333333333334
2 0.7046875 0.453125 0.1 0.09583333333333334
2 0.09453125 0.51875 0.1890625 0.20416666666666666
2 0.825 0.4583333333333333 0.1171875 0.1
2 0.95859375 0.5239583333333333 0.0828125 0.19375
2 0.1515625 0.42916666666666664 0.11875 0.08958333333333333
2 0.4640625 0.4427083333333333 0.1125 0.1125
2 0.95859375 0.42916666666666664 0.0828125 0.08541666666666667
2 0.06640625 0.40208333333333335 0.0765625 0.029166666666666667