2 0.89609375 0.13429752066115702 0.08125 0.08471074380165289
2 0.09609375 0.3212809917355372 0.1921875 0.5454545454545454
1 0.83359375 0.11363636363636363 0.059375 0.06611570247933884
2 0.70546875 0.11776859504132231 0.0515625 0.05578512396694215
2 0.6515625 0.11363636363636363 0.053125 0.024793388429752067
5 0.96484375 0.10433884297520661 0.0609375 0.10537190082644628
0 0.22890625 0.14669421487603307 0.0421875 0.05991735537190083
0 0.99453125 0.2128099173553719 0.0109375 0.08471074380165289
2 0.63515625 0.13119834710743802 0.0375 0.04338842975206612
2 0.778125 0.1322314049586777 0.04375 0.03305785123966942
2 0.74140625 0.1353305785123967 0.0265625 0.022727272727272728
2 0.75078125 0.13326446280991736 0.0234375 0.026859504132231406
5 0.096875 0.3378099173553719 0.1875 0.5619834710743802
5 0.46015625 0.1787190082644628 0.3140625 0.3202479338842975
5 0.896875 0.13739669421487602 0.0765625 0.08057851239669421
2 0.6703125 0.12706611570247933 0.0203125 0.022727272727272728