2 0.1296875 0.571875 0.1296875 0.04791666666666667
2 0.85625 0.5760416666666667 0.0421875 0.03958333333333333
2 0.8328125 0.5666666666666667 0.084375 0.04375
2 0.834375 0.5708333333333333 0.053125 0.035416666666666666
2 0.190625 0.5604166666666667 0.046875 0.027083333333333334
2 0.70859375 0.54375 0.05 0.014583333333333334
2 0.7484375 0.5447916666666667 0.0421875 0.016666666666666666
2 0.97578125 0.58125 0.0484375 0.05625
2 0.74453125 0.5697916666666667 0.06875 0.029166666666666667
2 0.1890625 0.5479166666666667 0.03125 0.016666666666666666
2 0.72421875 0.5489583333333333 0.0203125 0.020833333333333332
2 0.69765625 0.5666666666666667 0.05 0.027083333333333334
2 0.8 0.5666666666666667 0.0484375 0.04791666666666667