2 0.7390625 0.8057471264367816 0.3484375 0.3333333333333333
2 0.07734375 0.7908045977011494 0.1203125 0.367816091954023
2 0.4796875 0.6252873563218391 0.0546875 0.059770114942528735
2 0.5 0.6126436781609196 0.0484375 0.05517241379310345
2 0.55234375 0.6068965517241379 0.046875 0.041379310344827586
2 0.93671875 0.7896551724137931 0.1 0.2850574712643678
2 0.57890625 0.6827586206896552 0.140625 0.21379310344827587
2 0.8515625 0.6781609195402298 0.20625 0.1839080459770115
2 0.75859375 0.6080459770114942 0.0671875 0.06896551724137931
2 0.6796875 0.6195402298850575 0.084375 0.052873563218390804
2 0.7125 0.593103448275862 0.0203125 0.013793103448275862