2 0.937 0.6238805970149254 0.064 0.09253731343283582
2 0.894 0.6373134328358209 0.06 0.08358208955223881
2 0.525 0.3238805970149254 0.07 0.07761194029850746
4 0.287 0.5104477611940299 0.044 0.04477611940298507
1 0.801 0.29402985074626864 0.102 0.16716417910447762
4 0.355 0.4014925373134328 0.04 0.05373134328358209
4 0.803 0.5656716417910448 0.048 0.056716417910447764
4 0.78 0.5432835820895522 0.036 0.04477611940298507
4 0.732 0.47761194029850745 0.04 0.041791044776119404
4 0.162 0.7104477611940299 0.046 0.05970149253731343
4 0.185 0.6537313432835821 0.05 0.06567164179104477
4 0.558 0.5552238805970149 0.022 0.04776119402985075
4 0.623 0.47761194029850745 0.024 0.05970149253731343
4 0.764 0.5134328358208955 0.042 0.05373134328358209
4 0.542 0.5 0.024 0.041791044776119404
4 0.383 0.5447761194029851 0.018 0.050746268656716415
5 0.943 0.6970149253731344 0.042 0.05970149253731343
4 0.362 0.5059701492537313 0.016 0.056716417910447764