2 0.40859375 0.4605263157894737 0.140625 0.14114832535885166
2 0.6703125 0.4102870813397129 0.0671875 0.07416267942583732
2 0.990625 0.42105263157894735 0.01875 0.09808612440191387
2 0.490625 0.39473684210526316 0.0671875 0.06220095693779904
2 0.43125 0.3875598086124402 0.0484375 0.04784688995215311
2 0.553125 0.39832535885167464 0.0703125 0.0645933014354067
2 0.1875 0.4270334928229665 0.0796875 0.09330143540669857
2 0.73671875 0.41148325358851673 0.0359375 0.07894736842105263
2 0.3890625 0.37679425837320574 0.05 0.03110047846889952
2 0.92578125 0.4258373205741627 0.1203125 0.09090909090909091
2 0.97265625 0.6028708133971292 0.0546875 0.3014354066985646
2 0.22421875 0.3815789473684211 0.0375 0.03588516746411483
4 0.6203125 0.42942583732057416 0.053125 0.045454545454545456