2 0.4890625 0.5366430260047281 0.140625 0.13002364066193853
2 0.37734375 0.5520094562647754 0.090625 0.06855791962174941
2 0.2640625 0.5567375886524822 0.0390625 0.0425531914893617
2 0.18203125 0.5484633569739953 0.034375 0.04491725768321513
2 0.79453125 0.5874704491725768 0.08125 0.08037825059101655
2 0.63671875 0.5851063829787234 0.0453125 0.04018912529550828
2 0.8890625 0.6004728132387707 0.0875 0.06855791962174941
2 0.16015625 0.5531914893617021 0.040625 0.04728132387706856
5 0.61796875 0.5484633569739953 0.0640625 0.09929078014184398
5 0.9703125 0.5981087470449172 0.059375 0.06619385342789598
2 0.02421875 0.48936170212765956 0.046875 0.17257683215130024
2 0.29375 0.5567375886524822 0.0171875 0.02127659574468085
2 0.846875 0.5921985815602837 0.03125 0.04964539007092199