2 0.290625 0.74375 0.022916666666666665 0.009375
2 0.4114583333333333 0.7484375 0.014583333333333334 0.009375
2 0.378125 0.75390625 0.022916666666666665 0.00625
1 0.178125 0.76875 0.052083333333333336 0.009375
2 0.18958333333333333 0.76015625 0.0125 0.0078125
2 0.12083333333333333 0.7640625 0.014583333333333334 0.00625
2 0.2947916666666667 0.76015625 0.010416666666666666 0.0046875
2 0.10104166666666667 0.76328125 0.016666666666666666 0.009375
2 0.17604166666666668 0.740625 0.020833333333333332 0.00625
2 0.328125 0.7546875 0.008333333333333333 0.0046875
2 0.2375 0.765625 0.016666666666666666 0.009375
2 0.25 0.7625 0.008333333333333333 0.0046875
2 0.30833333333333335 0.75703125 0.01875 0.00625
2 0.22916666666666666 0.7609375 0.014583333333333334 0.009375