2 0.29765625 0.5770833333333333 0.0546875 0.041666666666666664
2 0.3875 0.5864583333333333 0.0578125 0.0625
2 0.253125 0.5677083333333334 0.0421875 0.03125
2 0.10390625 0.6854166666666667 0.025 0.029166666666666667
1 0.559375 0.37083333333333335 0.20625 0.16458333333333333
1 0.2109375 0.5458333333333333 0.0609375 0.06666666666666667
5 0.775 0.6854166666666667 0.4421875 0.6020833333333333
5 0.28046875 0.525 0.0484375 0.04583333333333333
2 0.58984375 0.61875 0.0765625 0.08333333333333333
2 0.0765625 0.6791666666666667 0.00625 0.0125
2 0.06328125 0.6760416666666667 0.021875 0.0375
1 0.171875 0.55 0.021875 0.022916666666666665
5 0.4953125 0.5447916666666667 0.159375 0.10625