2 0.209375 0.7375 0.115625 0.1359375
2 0.0796875 0.5546875 0.1578125 0.7953125
2 0.9640625 0.7734375 0.071875 0.0546875
2 0.5265625 0.765625 0.0296875 0.0203125
2 0.48046875 0.75390625 0.046875 0.0375
2 0.43046875 0.75625 0.01875 0.01875
2 0.38203125 0.74921875 0.0609375 0.0453125
2 0.32421875 0.75390625 0.0390625 0.0234375
2 0.25390625 0.73203125 0.04375 0.10625
2 0.884375 0.7578125 0.0546875 0.05625
5 0.83984375 0.76171875 0.1109375 0.0828125
5 0.7546875 0.75625 0.1234375 0.0765625
5 0.56796875 0.759375 0.0265625 0.0328125
5 0.334375 0.7484375 0.025 0.0328125
2 0.6015625 0.75859375 0.06875 0.05