4 0.83125 0.37264150943396224 0.040625 0.09669811320754718
0 0.3375 0.49292452830188677 0.0203125 0.06132075471698113
0 0.35703125 0.5 0.0171875 0.0589622641509434
0 0.37578125 0.5058962264150944 0.0296875 0.05660377358490566
0 0.584375 0.5294811320754716 0.1296875 0.09669811320754718
0 0.425 0.5165094339622641 0.01875 0.06132075471698113
0 0.459375 0.49528301886792453 0.0640625 0.10849056603773585
0 0.54765625 0.41391509433962265 0.071875 0.08726415094339622
0 0.3171875 0.4858490566037736 0.0125 0.05188679245283019
0 0.4296875 0.48702830188679247 0.05 0.11320754716981132
0 0.5421875 0.4693396226415094 0.071875 0.02830188679245283
0 0.975 0.4716981132075472 0.05 0.14150943396226415
0 0.9328125 0.49174528301886794 0.0265625 0.07547169811320754
0 0.4 0.4716981132075472 0.0375 0.05660377358490566