0 0.07265625 0.44895833333333335 0.0859375 0.125
4 0.87109375 0.5916666666666667 0.2578125 0.3125
4 0.7171875 0.5145833333333333 0.2375 0.28958333333333336
4 0.36640625 0.4635416666666667 0.0921875 0.18333333333333332
4 0.165625 0.4354166666666667 0.146875 0.24166666666666667
4 0.2703125 0.434375 0.096875 0.22916666666666666
4 0.43671875 0.4583333333333333 0.1109375 0.2375
4 0.57890625 0.475 0.1703125 0.25833333333333336
4 0.6203125 0.534375 0.1359375 0.14583333333333334
4 0.51171875 0.47708333333333336 0.109375 0.20416666666666666
4 0.7125 0.42604166666666665 0.096875 0.14583333333333334
4 0.803125 0.5510416666666667 0.228125 0.2833333333333333