2 0.3614583333333333 0.3421875 0.09375 0.053125
2 0.39791666666666664 0.33359375 0.04375 0.0375
2 0.6395833333333333 0.29375 0.0625 0.021875
2 0.45208333333333334 0.296875 0.03958333333333333 0.0203125
2 0.39166666666666666 0.31171875 0.06041666666666667 0.0265625
2 0.940625 0.32109375 0.09583333333333334 0.034375
2 0.43333333333333335 0.303125 0.04583333333333333 0.025
2 0.6104166666666667 0.26640625 0.027083333333333334 0.0125
2 0.6041666666666666 0.25859375 0.016666666666666666 0.0109375
2 0.596875 0.2515625 0.010416666666666666 0.0078125
2 0.3375 0.3125 0.0375 0.015625
2 0.490625 0.26640625 0.014583333333333334 0.0109375
2 0.5052083333333334 0.25390625 0.020833333333333332 0.0109375