2 0.246875 0.7872137404580153 0.33125 0.14694656488549618
2 0.828125 0.7395038167938931 0.0703125 0.05916030534351145
2 0.96640625 0.7652671755725191 0.0390625 0.04961832061068702
2 0.7828125 0.7385496183206107 0.059375 0.04770992366412214
2 0.7296875 0.7347328244274809 0.05 0.03816793893129771
2 0.575 0.7223282442748091 0.0125 0.022900763358778626
2 0.5515625 0.7213740458015268 0.01875 0.015267175572519083
2 0.9125 0.7519083969465649 0.08125 0.06870229007633588
2 0.66875 0.7299618320610687 0.053125 0.03816793893129771
2 0.6359375 0.7270992366412213 0.034375 0.03435114503816794
2 0.14765625 0.7194656488549618 0.01875 0.015267175572519083
2 0.03125 0.7204198473282443 0.03125 0.02099236641221374
2 0.08359375 0.7185114503816794 0.03125 0.022900763358778626