2 0.82109375 0.33021077283372363 0.053125 0.03981264637002342
2 0.2796875 0.36768149882903983 0.065625 0.05152224824355972
2 0.14140625 0.373536299765808 0.05 0.06323185011709602
2 0.33515625 0.35362997658079626 0.0765625 0.06791569086651054
2 0.3953125 0.3583138173302108 0.0578125 0.05152224824355972
2 0.4296875 0.351288056206089 0.071875 0.0585480093676815
2 0.9671875 0.32201405152224827 0.05625 0.02576112412177986
2 0.3625 0.31030444964871196 0.0421875 0.02107728337236534
2 0.56484375 0.3360655737704918 0.096875 0.06088992974238876
2 0.034375 0.3911007025761124 0.06875 0.05620608899297424
2 0.42890625 0.30562060889929743 0.0359375 0.0234192037470726
2 0.64296875 0.3442622950819672 0.015625 0.03278688524590164
2 0.2640625 0.3149882903981265 0.0359375 0.02576112412177986