2 0.7359375 0.12604166666666666 0.203125 0.21666666666666667
2 0.94296875 0.13645833333333332 0.1140625 0.225
2 0.503125 0.11770833333333333 0.1984375 0.19791666666666666
2 0.8265625 0.06666666666666667 0.05625 0.08958333333333333
2 0.86953125 0.053125 0.05 0.06875
2 0.5984375 0.06145833333333333 0.05625 0.09166666666666666
2 0.6234375 0.052083333333333336 0.0265625 0.052083333333333336
2 0.3546875 0.115625 0.1328125 0.17708333333333334
2 0.0265625 0.11666666666666667 0.053125 0.14166666666666666
2 0.47265625 0.04895833333333333 0.1078125 0.09791666666666667
2 0.03046875 0.046875 0.059375 0.07083333333333333
2 0.9078125 0.06875 0.059375 0.08125