2 0.2281144781144781 0.25078125 0.4511784511784512 0.2984375
2 0.6287878787878788 0.16171875 0.22895622895622897 0.2046875
4 0.46464646464646464 0.66171875 0.22727272727272727 0.3625
2 0.0968013468013468 0.146875 0.1936026936026936 0.15625
2 0.6927609427609428 0.09921875 0.1111111111111111 0.11875
2 0.8560606060606061 0.08046875 0.14814814814814814 0.05625
2 0.7878787878787878 0.05 0.04882154882154882 0.0375
2 0.5951178451178452 0.0859375 0.12121212121212122 0.08125
2 0.5631313131313131 0.06015625 0.015151515151515152 0.040625
2 0.8223905723905723 0.034375 0.02356902356902357 0.0203125
5 0.3846801346801347 0.0890625 0.36195286195286197 0.1765625
2 0.22727272727272727 0.71875 0.45454545454545453 0.534375