2 0.425 0.5758835758835759 0.0765625 0.062370062370062374
5 0.21328125 0.6195426195426196 0.4203125 0.4158004158004158
5 0.4484375 0.5405405405405406 0.0796875 0.09147609147609148
2 0.7875 0.6372141372141372 0.1890625 0.18503118503118504
2 0.5625 0.5550935550935551 0.0421875 0.04573804573804574
2 0.58671875 0.5509355509355509 0.0203125 0.037422037422037424
2 0.603125 0.5467775467775468 0.0265625 0.031185031185031187
2 0.6171875 0.5457380457380457 0.0171875 0.02494802494802495
2 0.6890625 0.5446985446985447 0.0203125 0.02079002079002079
2 0.37890625 0.5550935550935551 0.0171875 0.02079002079002079
2 0.5109375 0.5634095634095634 0.0578125 0.0498960498960499
2 0.7078125 0.5426195426195426 0.0203125 0.014553014553014554