2 0.071875 0.8385416666666666 0.14375 0.18125
2 0.128125 0.7385416666666667 0.09375 0.13958333333333334
2 0.6125 0.7645833333333333 0.0890625 0.12708333333333333
2 0.7046875 0.7260416666666667 0.1328125 0.15416666666666667
2 0.60390625 0.671875 0.1078125 0.08958333333333333
2 0.8796875 0.6708333333333333 0.1375 0.0625
2 0.5 0.78125 0.20625 0.22083333333333333
2 0.17109375 0.6979166666666666 0.10625 0.11458333333333333
2 0.0234375 0.628125 0.046875 0.05416666666666667
2 0.3703125 0.6916666666666667 0.084375 0.1
2 0.4015625 0.6229166666666667 0.0734375 0.0625
2 0.61328125 0.9114583333333334 0.38125 0.17083333333333334
2 0.30546875 0.7666666666666667 0.175 0.21875