2 0.08203125 0.6209850107066381 0.15625 0.1006423982869379
2 0.7171875 0.5802997858672377 0.121875 0.10706638115631692
2 0.6359375 0.5952890792291221 0.2 0.09635974304068523
2 0.284375 0.5877944325481799 0.1015625 0.09635974304068523
2 0.97109375 0.5642398286937902 0.0578125 0.12633832976445397
2 0.4890625 0.5770877944325482 0.11875 0.07494646680942184
4 0.34375 0.6413276231263383 0.0734375 0.09850107066381156
4 0.78515625 0.6788008565310493 0.04375 0.09850107066381156
4 0.6671875 0.6338329764453962 0.1375 0.12633832976445397
4 0.43515625 0.6563169164882227 0.1125 0.10278372591006424
4 0.884375 0.6659528907922913 0.1875 0.17130620985010706
4 0.23671875 0.8661670235546038 0.253125 0.24197002141327623
4 0.53515625 0.645610278372591 0.10625 0.0835117773019272
2 0.36953125 0.5717344753747323 0.0453125 0.04068522483940043
4 0.4828125 0.6145610278372591 0.0515625 0.06638115631691649
2 0.4078125 0.550321199143469 0.0296875 0.044967880085653104
2 0.934375 0.5331905781584583 0.01875 0.010706638115631691