2 0.0859375 0.9092664092664092 0.0890625 0.13127413127413126
2 0.87109375 0.8803088803088803 0.0671875 0.07335907335907337
2 0.41796875 0.832046332046332 0.0171875 0.03474903474903475
2 0.44453125 0.8262548262548263 0.015625 0.03474903474903475
2 0.49765625 0.888030888030888 0.06875 0.11196911196911197
2 0.97421875 0.8725868725868726 0.021875 0.03088803088803089
5 0.196875 0.8822393822393823 0.1171875 0.20077220077220076
2 0.48359375 0.8301158301158301 0.021875 0.023166023166023165
2 0.27890625 0.8146718146718147 0.0171875 0.023166023166023165
5 0.4453125 0.8243243243243243 0.0140625 0.05019305019305019
5 0.86875 0.8803088803088803 0.065625 0.0694980694980695
2 0.46484375 0.8359073359073359 0.015625 0.02702702702702703