1 0.85703125 0.7431192660550459 0.175 0.24464831804281345
5 0.53828125 0.7324159021406728 0.1390625 0.23547400611620795
5 0.71953125 0.753822629969419 0.103125 0.12538226299694188
2 0.28984375 0.7415902140672783 0.0328125 0.06422018348623854
2 0.3203125 0.7522935779816514 0.0328125 0.06116207951070336
2 0.2484375 0.7553516819571865 0.028125 0.04892966360856269
2 0.44140625 0.77217125382263 0.065625 0.09785932721712538
2 0.23984375 0.6880733944954128 0.0109375 0.024464831804281346
2 0.975 0.7293577981651376 0.05 0.11314984709480122
1 0.45546875 0.7033639143730887 0.0515625 0.07951070336391437
1 0.0625 0.7675840978593272 0.121875 0.1926605504587156
1 0.1453125 0.746177370030581 0.03125 0.12232415902140673
2 0.17109375 0.7400611620795107 0.0171875 0.03058103975535168
2 0.24140625 0.6452599388379205 0.0109375 0.01834862385321101
2 0.125 0.7492354740061162 0.03125 0.11926605504587157
2 0.2109375 0.7660550458715596 0.04375 0.10091743119266056
2 0.40390625 0.7446483180428135 0.021875 0.045871559633027525
1 0.61875 0.7262996941896025 0.065625 0.13761467889908258
2 0.36953125 0.7568807339449541 0.059375 0.10397553516819572