2 0.29609375 0.9131455399061033 0.028125 0.03051643192488263
2 0.4015625 0.9178403755868545 0.0359375 0.03755868544600939
2 0.22421875 0.9295774647887324 0.0453125 0.05868544600938967
2 0.4328125 0.92018779342723 0.0234375 0.02112676056338028
2 0.17109375 0.9518779342723005 0.0578125 0.07042253521126761
2 0.02421875 0.9753521126760564 0.0484375 0.04929577464788732
2 0.07734375 0.9706572769953051 0.0265625 0.03051643192488263
2 0.359375 0.9131455399061033 0.028125 0.03051643192488263
2 0.31953125 0.9166666666666666 0.021875 0.02112676056338028
2 0.1953125 0.926056338028169 0.0265625 0.04225352112676056
5 0.24765625 0.9061032863849765 0.034375 0.051643192488262914