2 0.896358543417367 0.7676470588235295 0.09803921568627451 0.03823529411764706
2 0.5952380952380952 0.7661764705882353 0.04481792717086835 0.029411764705882353
2 0.6442577030812325 0.7647058823529411 0.05322128851540616 0.03529411764705882
2 0.33473389355742295 0.7647058823529411 0.08683473389355742 0.029411764705882353
2 0.5084033613445378 0.7647058823529411 0.0392156862745098 0.041176470588235294
5 0.21008403361344538 0.7573529411764706 0.07282913165266107 0.04411764705882353
2 0.8151260504201681 0.7617647058823529 0.03361344537815126 0.03529411764705882
2 0.27170868347338933 0.763235294117647 0.04201680672268908 0.026470588235294117
2 0.4061624649859944 0.7661764705882353 0.028011204481792718 0.023529411764705882
2 0.12044817927170869 0.7602941176470588 0.05322128851540616 0.03235294117647059
2 0.022408963585434174 0.7529411764705882 0.04481792717086835 0.01764705882352941