2 0.47109375 0.18457943925233644 0.34375 0.16121495327102803
2 0.16796875 0.32710280373831774 0.2484375 0.5981308411214953
2 0.8578125 0.3469626168224299 0.284375 0.352803738317757
2 0.9515625 0.13551401869158877 0.096875 0.09579439252336448
2 0.84765625 0.11214953271028037 0.1171875 0.10747663551401869
2 0.77578125 0.10747663551401869 0.0375 0.07009345794392523
5 0.165625 0.30957943925233644 0.2375 0.5210280373831776
2 0.440625 0.07593457943925233 0.05625 0.037383177570093455
2 0.378125 0.09228971962616822 0.215625 0.06775700934579439
2 0.52109375 0.06775700934579439 0.10625 0.07476635514018691
2 0.40625 0.0514018691588785 0.04375 0.02336448598130841