2 0.7125 0.7126436781609196 0.225 0.21264367816091953
2 0.9453125 0.6479885057471264 0.109375 0.13793103448275862
2 0.4875 0.6364942528735632 0.0703125 0.09195402298850575
2 0.56328125 0.6508620689655172 0.1 0.14655172413793102
2 0.428125 0.6163793103448276 0.0421875 0.05459770114942529
2 0.81015625 0.6221264367816092 0.0921875 0.08045977011494253
4 0.29140625 0.6594827586206896 0.0859375 0.11494252873563218
4 0.74453125 0.5977011494252874 0.0359375 0.02586206896551724
4 0.70078125 0.5919540229885057 0.0421875 0.031609195402298854
0 0.0140625 0.7341954022988506 0.028125 0.08333333333333333
1 0.5171875 0.5675287356321839 0.1171875 0.09770114942528736
2 0.40625 0.5977011494252874 0.0328125 0.05747126436781609
2 0.91484375 0.6221264367816092 0.0890625 0.09195402298850575