1 0.346875 0.4531615925058548 0.0546875 0.07728337236533958
2 0.06015625 0.5456674473067916 0.1171875 0.1288056206088993
2 0.13828125 0.5257611241217799 0.046875 0.06791569086651054
2 0.6625 0.6358313817330211 0.675 0.2459016393442623
2 0.3015625 0.4964871194379391 0.0328125 0.03747072599531616
2 0.31328125 0.4918032786885246 0.025 0.03747072599531616
2 0.1703125 0.522248243559719 0.0359375 0.06088992974238876
2 0.196875 0.5199063231850117 0.034375 0.0585480093676815
2 0.11640625 0.5269320843091335 0.028125 0.07494145199063232
2 0.209375 0.509367681498829 0.0453125 0.06088992974238876
2 0.24140625 0.5128805620608899 0.0234375 0.05152224824355972
2 0.4125 0.48009367681498827 0.0265625 0.01639344262295082
2 0.25546875 0.5105386416861827 0.021875 0.0468384074941452
2 0.44765625 0.49414519906323184 0.0390625 0.05152224824355972