2 0.49921875 0.8 0.2640625 0.16666666666666666
2 0.4046875 0.615625 0.1859375 0.05
2 0.72734375 0.7614583333333333 0.146875 0.075
1 0.190625 0.5489583333333333 0.38125 0.20208333333333334
1 0.2078125 0.84375 0.3921875 0.28541666666666665
5 0.6859375 0.5666666666666667 0.215625 0.13541666666666666
2 0.0859375 0.6479166666666667 0.1671875 0.07916666666666666
2 0.80546875 0.5979166666666667 0.034375 0.027083333333333334
2 0.80703125 0.565625 0.0359375 0.03125
2 0.8125 0.5322916666666667 0.034375 0.035416666666666666
2 0.80625 0.6197916666666666 0.0265625 0.029166666666666667