2 0.1625 0.4479553903345725 0.065625 0.05762081784386617
2 0.346875 0.44423791821561337 0.0890625 0.031598513011152414
4 0.55546875 0.49070631970260226 0.259375 0.1654275092936803
4 0.5109375 0.7109665427509294 0.6109375 0.43308550185873607
4 0.53359375 0.6180297397769516 0.471875 0.28810408921933084
0 0.10078125 0.4879182156133829 0.096875 0.07806691449814127
0 0.803125 0.5827137546468402 0.0703125 0.1654275092936803
0 0.778125 0.5799256505576208 0.053125 0.10408921933085502
4 0.61875 0.5399628252788105 0.115625 0.040892193308550186
2 0.0609375 0.45817843866171004 0.0578125 0.05762081784386617
2 0.11171875 0.44702602230483274 0.0421875 0.046468401486988845
2 0.61953125 0.47304832713754646 0.05625 0.031598513011152414
2 0.2921875 0.43866171003717475 0.046875 0.03717472118959108