4 0.16171875 0.8981264637002342 0.1640625 0.17798594847775176
0 0.31328125 0.7845433255269321 0.2171875 0.27400468384074944
0 0.975 0.6779859484777517 0.05 0.1405152224824356
0 0.3109375 0.6569086651053864 0.1734375 0.11007025761124122
0 0.39765625 0.6662763466042154 0.0953125 0.06791569086651054
0 0.1765625 0.7950819672131147 0.290625 0.2786885245901639
0 0.425 0.819672131147541 0.09375 0.20140515222482436
0 0.97890625 0.6967213114754098 0.0421875 0.12177985948477751
0 0.9265625 0.65807962529274 0.10625 0.16627634660421545
0 0.64140625 0.572599531615925 0.0578125 0.07259953161592506
0 0.803125 0.5843091334894613 0.0578125 0.06557377049180328
0 0.36328125 0.5597189695550351 0.0375 0.0234192037470726
0 0.32890625 0.5807962529274004 0.0640625 0.0585480093676815
0 0.81875 0.6053864168618267 0.0734375 0.09133489461358314