5 0.5395833333333333 0.86015625 0.08333333333333333 0.071875
2 0.49270833333333336 0.90859375 0.06875 0.0375
2 0.171875 0.9078125 0.16458333333333333 0.1078125
2 0.415625 0.9453125 0.075 0.0578125
2 0.3302083333333333 0.93125 0.1 0.0859375
2 0.4510416666666667 0.946875 0.03125 0.053125
2 0.6322916666666667 0.8296875 0.0375 0.03125
2 0.11875 0.91953125 0.11458333333333333 0.08125
2 0.5 0.890625 0.07291666666666667 0.0359375
2 0.040625 0.903125 0.07916666666666666 0.115625
2 0.603125 0.853125 0.04791666666666667 0.028125