2 0.76796875 0.40675990675990675 0.05 0.05827505827505827
2 0.72578125 0.40559440559440557 0.0546875 0.06993006993006994
2 0.82734375 0.38694638694638694 0.01875 0.02564102564102564
2 0.87578125 0.3916083916083916 0.034375 0.04895104895104895
2 0.85625 0.3974358974358974 0.015625 0.04428904428904429
4 0.67265625 0.4382284382284382 0.0515625 0.11888111888111888
4 0.3375 0.5617715617715617 0.0953125 0.2494172494172494
2 0.7890625 0.3916083916083916 0.021875 0.03263403263403263
2 0.6484375 0.4324009324009324 0.01875 0.04895104895104895
4 0.54609375 0.5186480186480187 0.10625 0.2331002331002331
4 0.71484375 0.43006993006993005 0.046875 0.08158508158508158
4 0.2109375 0.655011655011655 0.2609375 0.48717948717948717
4 0.80546875 0.4149184149184149 0.0296875 0.07692307692307693
4 0.8671875 0.40792540792540793 0.0265625 0.05128205128205128
4 0.9109375 0.4090909090909091 0.0203125 0.039627039627039624
4 0.4359375 0.5268065268065268 0.0859375 0.21445221445221446
4 0.83671875 0.4149184149184149 0.0203125 0.05128205128205128
4 0.49296875 0.4766899766899767 0.0390625 0.13053613053613053
4 0.940625 0.4020979020979021 0.021875 0.03263403263403263