0 0.8559718969555035 0.81015625 0.22014051522248243 0.2734375
0 0.4964871194379391 0.5078125 0.23185011709601874 0.1625
2 0.15456674473067916 0.5 0.1990632318501171 0.115625
2 0.9391100702576113 0.4203125 0.05152224824355972 0.1
4 0.32201405152224827 0.6140625 0.5058548009367682 0.39375
1 0.2611241217798595 0.134375 0.3840749414519906 0.0984375
4 0.5234192037470726 0.47734375 0.4309133489461358 0.121875
4 0.32669789227166274 0.45390625 0.1522248243559719 0.1015625
2 0.6053864168618267 0.19453125 0.11007025761124122 0.059375
4 0.11943793911007025 0.37421875 0.12646370023419204 0.128125
4 0.35362997658079626 0.45703125 0.07728337236533958 0.05