4 0.4796875 0.8501170960187353 0.959375 0.2997658079625293
2 0.490625 0.44028103044496486 0.059375 0.04449648711943794
4 0.41953125 0.7915690866510539 0.7234375 0.4168618266978923
4 0.48828125 0.6592505854800936 0.4453125 0.23653395784543327
4 0.5015625 0.5690866510538641 0.24375 0.1358313817330211
4 0.9421875 0.4859484777517564 0.059375 0.0585480093676815
4 0.49609375 0.5386416861826698 0.1875 0.04918032786885246
4 0.5125 0.5889929742388759 0.23125 0.12177985948477751
4 0.8390625 0.4765807962529274 0.0296875 0.04215456674473068
4 0.5296875 0.48360655737704916 0.1078125 0.0702576112412178
4 0.97890625 0.48009367681498827 0.0421875 0.07494145199063232
4 0.54609375 0.46955503512880564 0.078125 0.0585480093676815
4 0.63984375 0.5117096018735363 0.103125 0.14754098360655737