4 0.5171875 0.5916666666666667 0.05625 0.1625
4 0.88515625 0.6260416666666667 0.0875 0.1875
4 0.784375 0.36354166666666665 0.1015625 0.1
4 0.5375 0.31979166666666664 0.05 0.10625
4 0.71875 0.28229166666666666 0.06875 0.08125
4 0.50546875 0.3458333333333333 0.046875 0.08541666666666667
4 0.44296875 0.3458333333333333 0.0546875 0.075
5 0.08828125 0.30625 0.0578125 0.19791666666666666
5 0.03828125 0.25729166666666664 0.0765625 0.22083333333333333
4 0.778125 0.2635416666666667 0.065625 0.09166666666666666
4 0.34296875 0.5427083333333333 0.0703125 0.15416666666666667
4 0.81640625 0.5479166666666667 0.071875 0.14791666666666667