5 0.63515625 0.6620253164556962 0.14375 0.09620253164556962
5 0.03125 0.6658227848101266 0.0609375 0.06835443037974684
5 0.92265625 0.8873417721518987 0.153125 0.22278481012658227
2 0.82421875 0.6987341772151898 0.2 0.14430379746835442
2 0.090625 0.6392405063291139 0.040625 0.04556962025316456
5 0.77421875 0.6278481012658228 0.0671875 0.04556962025316456
2 0.68671875 0.6367088607594936 0.0328125 0.04050632911392405
2 0.95546875 0.6468354430379747 0.0578125 0.05569620253164557
2 0.99375 0.6455696202531646 0.0125 0.05569620253164557
2 0.721875 0.6367088607594936 0.040625 0.05063291139240506
2 0.83125 0.6240506329113924 0.0453125 0.020253164556962026
2 0.8953125 0.6392405063291139 0.0609375 0.05063291139240506
5 0.4390625 0.6215189873417721 0.19375 0.10126582278481013