2 0.82734375 0.936768149882904 0.3453125 0.12646370023419204
2 0.97734375 0.775175644028103 0.0453125 0.117096018735363
2 0.51015625 0.7166276346604216 0.0640625 0.10304449648711944
1 0.64375 0.6510538641686182 0.2109375 0.48711943793911006
1 0.46015625 0.5784543325526932 0.0875 0.1873536299765808
1 0.3828125 0.7295081967213115 0.1609375 0.34192037470725994
1 0.76640625 0.5936768149882904 0.053125 0.23653395784543327
1 0.521875 0.5655737704918032 0.0453125 0.20140515222482436
5 0.38046875 0.7189695550351288 0.1546875 0.3255269320843091
2 0.74921875 0.734192037470726 0.0140625 0.07962529274004684
2 0.9125 0.5971896955503513 0.04375 0.04918032786885246