2 0.91484375 0.6255868544600939 0.05 0.07981220657276995
4 0.62421875 0.7183098591549296 0.115625 0.2112676056338028
0 0.3859375 0.8650234741784038 0.2625 0.2699530516431925
0 0.60390625 0.31103286384976525 0.0546875 0.18544600938967137
0 0.8421875 0.863849765258216 0.2296875 0.27230046948356806
0 0.12265625 0.8274647887323944 0.2453125 0.3028169014084507
0 0.4515625 0.3039906103286385 0.0484375 0.19483568075117372
0 0.6484375 0.8556338028169014 0.19375 0.27699530516431925
0 0.86015625 0.28169014084507044 0.0578125 0.20187793427230047
0 0.12890625 0.7711267605633803 0.103125 0.0892018779342723
4 0.6078125 0.046948356807511735 0.0546875 0.0539906103286385
0 0.3140625 0.31103286384976525 0.0265625 0.19014084507042253
0 0.978125 0.9166666666666666 0.0390625 0.16666666666666666
0 0.43671875 0.710093896713615 0.0984375 0.056338028169014086
0 0.6671875 0.3145539906103286 0.0625 0.1807511737089202
4 0.76953125 0.7206572769953051 0.103125 0.20187793427230047
0 0.63828125 0.31572769953051644 0.0265625 0.1431924882629108