0 0.44140625 0.3729166666666667 0.4203125 0.3229166666666667
0 0.215625 0.23020833333333332 0.3109375 0.35208333333333336
2 0.83671875 0.09166666666666666 0.3265625 0.17916666666666667
4 0.5015625 0.478125 0.7265625 0.7895833333333333
0 0.05625 0.20208333333333334 0.10625 0.18958333333333333
0 0.153125 0.071875 0.1171875 0.09375
0 0.05703125 0.01875 0.0296875 0.0375
0 0.8890625 0.753125 0.21875 0.4625
0 0.1578125 0.190625 0.2390625 0.2916666666666667
0 0.30625 0.26458333333333334 0.3453125 0.39791666666666664
0 0.11640625 0.23854166666666668 0.11875 0.14166666666666666
0 0.11640625 0.140625 0.1046875 0.0875
0 0.11640625 0.11354166666666667 0.109375 0.0625
0 0.34140625 0.2989583333333333 0.33125 0.3125