2 0.53828125 0.9086651053864169 0.021875 0.01873536299765808
2 0.56328125 0.9121779859484778 0.0234375 0.0117096018735363
2 0.58984375 0.9133489461358314 0.0296875 0.01639344262295082
2 0.24921875 0.8817330210772834 0.0234375 0.02576112412177986
2 0.64765625 0.914519906323185 0.0234375 0.01405152224824356
2 0.621875 0.9168618266978923 0.021875 0.0117096018735363
2 0.47890625 0.905152224824356 0.0171875 0.0117096018735363
2 0.36484375 0.8946135831381733 0.0171875 0.0117096018735363
2 0.503125 0.9063231850117096 0.021875 0.01405152224824356
2 0.31796875 0.8911007025761124 0.0203125 0.0117096018735363
2 0.2140625 0.8840749414519906 0.0125 0.00702576112412178
2 0.34140625 0.8946135831381733 0.021875 0.0117096018735363
2 0.07265625 0.8653395784543325 0.0140625 0.00702576112412178