2 0.871875 0.5427251732101617 0.25625 0.13625866050808313
2 0.8578125 0.6501154734411085 0.284375 0.21247113163972287
2 0.8296875 0.31755196304849886 0.2421875 0.08775981524249422
2 0.09609375 0.6385681293302541 0.1859375 0.26558891454965355
2 0.853125 0.5057736720554272 0.29375 0.14549653579676675
2 0.84921875 0.4237875288683603 0.2984375 0.12009237875288684
2 0.2640625 0.42725173210161665 0.1390625 0.16628175519630484
2 0.18828125 0.2678983833718245 0.15625 0.08545034642032333
1 0.490625 0.4907621247113164 0.30625 0.7528868360277137
2 0.0578125 0.2979214780600462 0.1125 0.09468822170900693
2 0.7921875 0.37528868360277134 0.1515625 0.07621247113163972
2 0.640625 0.23672055427251731 0.015625 0.08314087759815242
2 0.8078125 0.28752886836027713 0.159375 0.06004618937644342