0 0.264 0.7102102102102102 0.106 0.3183183183183183
0 0.119 0.7477477477477478 0.088 0.3633633633633634
0 0.938 0.8963963963963963 0.124 0.2072072072072072
0 0.046 0.8903903903903904 0.088 0.21621621621621623
2 0.852 0.5630630630630631 0.296 0.44144144144144143
4 0.402 0.7582582582582582 0.234 0.4594594594594595
4 0.583 0.6576576576576577 0.202 0.3663663663663664
1 0.775 0.29429429429429427 0.45 0.5375375375375375
2 0.392 0.42492492492492495 0.22 0.18618618618618618
2 0.189 0.524024024024024 0.092 0.19519519519519518
2 0.049 0.44294294294294295 0.052 0.06906906906906907
0 0.149 0.7132132132132132 0.024 0.13213213213213212
2 0.229 0.4144144144144144 0.124 0.10810810810810811
2 0.143 0.44294294294294295 0.034 0.03903903903903904