2 0.565625 0.66953125 0.1328125 0.0953125
2 0.93125 0.69296875 0.1375 0.153125
2 0.91484375 0.675 0.1546875 0.1390625
2 0.12421875 0.65859375 0.0921875 0.08125
5 0.728125 0.65625 0.08125 0.0828125
2 0.8296875 0.67265625 0.0703125 0.1265625
2 0.21328125 0.6734375 0.05 0.059375
2 0.45859375 0.67109375 0.06875 0.05625
2 0.73671875 0.6671875 0.059375 0.065625
2 0.06640625 0.66640625 0.10625 0.0734375
2 0.13828125 0.6703125 0.0421875 0.071875
2 0.296875 0.6828125 0.0484375 0.0421875
2 0.79609375 0.6734375 0.04375 0.09375