2 0.4546875 0.17757009345794392 0.49375 0.2570093457943925
4 0.48125 0.5607476635514018 0.9359375 0.780373831775701
4 0.48203125 0.23014018691588786 0.38125 0.3598130841121495
2 0.63984375 0.12383177570093458 0.20625 0.09813084112149532
2 0.065625 0.09579439252336448 0.115625 0.06775700934579439
2 0.23359375 0.08177570093457943 0.153125 0.06542056074766354
2 0.14453125 0.1378504672897196 0.2890625 0.16355140186915887
2 0.228125 0.06191588785046729 0.1453125 0.0514018691588785
2 0.509375 0.06542056074766354 0.0671875 0.05841121495327103
2 0.915625 0.05023364485981308 0.0359375 0.0397196261682243
2 0.7546875 0.056074766355140186 0.015625 0.02102803738317757
2 0.62421875 0.0689252336448598 0.0484375 0.028037383177570093
4 0.48828125 0.21495327102803738 0.2296875 0.09345794392523364