2 0.69375 0.8708206686930091 0.1953125 0.23708206686930092
2 0.29140625 0.8085106382978723 0.2484375 0.26443768996960487
2 0.85703125 0.7750759878419453 0.0734375 0.1337386018237082
2 0.8125 0.7340425531914894 0.0390625 0.057750759878419454
2 0.9203125 0.7477203647416414 0.0296875 0.0486322188449848
2 0.39609375 0.6990881458966566 0.046875 0.030395136778115502
2 0.59921875 0.7218844984802432 0.0453125 0.0364741641337386
2 0.07734375 0.7218844984802432 0.109375 0.08814589665653495
2 0.64140625 0.7188449848024316 0.0359375 0.03343465045592705
2 0.896875 0.7644376899696048 0.0296875 0.0729483282674772
2 0.88515625 0.7218844984802432 0.0203125 0.015197568389057751
2 0.4453125 0.7142857142857143 0.0375 0.06382978723404255
2 0.3609375 0.7036474164133738 0.021875 0.0182370820668693