2 0.8374183006535948 0.5196078431372549 0.05228758169934641 0.06209150326797386
2 0.7197712418300654 0.6462418300653595 0.08169934640522876 0.08823529411764706
2 0.7671568627450981 0.6078431372549019 0.06372549019607843 0.07516339869281045
2 0.8333333333333334 0.6094771241830066 0.08986928104575163 0.119281045751634
2 0.9411764705882353 0.44281045751633985 0.05392156862745098 0.05065359477124183
2 0.9852941176470589 0.35049019607843135 0.029411764705882353 0.0392156862745098
2 0.8627450980392157 0.4869281045751634 0.05228758169934641 0.06862745098039216
2 0.9003267973856209 0.4395424836601307 0.042483660130718956 0.049019607843137254
2 0.9452614379084967 0.38643790849673204 0.05718954248366013 0.0457516339869281
2 0.9640522875816994 0.36519607843137253 0.03104575163398693 0.021241830065359478
2 0.803921568627451 0.5514705882352942 0.06209150326797386 0.07352941176470588
5 0.8284313725490197 0.6094771241830066 0.08986928104575163 0.119281045751634