2 0.71875 0.2235294117647059 0.35 0.2164705882352941
2 0.56171875 0.1188235294117647 0.121875 0.10588235294117647
2 0.89375 0.10823529411764705 0.184375 0.14352941176470588
2 0.83046875 0.10705882352941176 0.096875 0.12
4 0.68828125 0.6788235294117647 0.621875 0.6352941176470588
4 0.365625 0.3035294117647059 0.1375 0.2635294117647059
4 0.525 0.31411764705882356 0.1671875 0.20705882352941177
4 0.90859375 0.22588235294117648 0.0671875 0.14823529411764705
2 0.3453125 0.20705882352941177 0.2703125 0.25882352941176473
5 0.34296875 0.20352941176470588 0.2671875 0.2776470588235294
4 0.94453125 0.34941176470588237 0.1109375 0.3811764705882353
5 0.715625 0.1 0.25 0.11294117647058824