0 0.3453125 0.667447306791569 0.06875 0.477751756440281
0 0.2265625 0.65807962529274 0.146875 0.5667447306791569
0 0.26328125 0.6639344262295082 0.21875 0.5690866510538641
0 0.2265625 0.4847775175644028 0.14375 0.5456674473067916
2 0.09609375 0.3981264637002342 0.0734375 0.10772833723653395
2 0.03515625 0.4063231850117096 0.0609375 0.21311475409836064
0 0.74765625 0.47540983606557374 0.046875 0.10070257611241218
0 0.70078125 0.4449648711943794 0.1046875 0.13114754098360656
0 0.68046875 0.43676814988290397 0.1234375 0.13348946135831383
4 0.83359375 0.45081967213114754 0.1359375 0.15690866510538642
0 0.9703125 0.5105386416861827 0.059375 0.14754098360655737
0 0.71640625 0.4707259953161593 0.021875 0.08665105386416862
0 0.640625 0.4414519906323185 0.0734375 0.10304449648711944
0 0.728125 0.468384074941452 0.03125 0.10070257611241218
4 0.8859375 0.477751756440281 0.1046875 0.14988290398126464
0 0.559375 0.4332552693208431 0.034375 0.07494145199063232
4 0.953125 0.4894613583138173 0.0859375 0.14285714285714285
4 0.9859375 0.5163934426229508 0.028125 0.13114754098360656
4 0.7640625 0.36768149882903983 0.05 0.07962529274004684
0 0.62890625 0.4274004683840749 0.08125 0.117096018735363
4 0.44296875 0.5058548009367682 0.1515625 0.22482435597189696