2 0.89921875 0.6302083333333334 0.2015625 0.15
2 0.9125 0.43125 0.0828125 0.035416666666666666
2 0.8703125 0.4270833333333333 0.03125 0.04583333333333333
2 0.8421875 0.42083333333333334 0.0234375 0.020833333333333332
2 0.81640625 0.42291666666666666 0.0265625 0.05
4 0.865625 0.8447916666666667 0.2515625 0.3104166666666667
4 0.25703125 0.5052083333333334 0.0734375 0.10833333333333334
4 0.0578125 0.5479166666666667 0.1140625 0.10208333333333333
4 0.0421875 0.48333333333333334 0.0484375 0.04375
1 0.54921875 0.36354166666666665 0.515625 0.5791666666666667
2 0.8875 0.42083333333333334 0.01875 0.01875
2 0.9296875 0.415625 0.0625 0.03958333333333333