2 0.5109375 0.9789156626506024 0.08125 0.04216867469879518
2 0.45234375 0.8885542168674698 0.0640625 0.06325301204819277
2 0.4328125 0.8689759036144579 0.059375 0.05120481927710843
2 0.40703125 0.8237951807228916 0.06875 0.06927710843373494
2 0.39609375 0.7846385542168675 0.065625 0.0572289156626506
2 0.3828125 0.766566265060241 0.046875 0.03614457831325301
2 0.36328125 0.7394578313253012 0.0390625 0.04216867469879518
2 0.346875 0.697289156626506 0.0359375 0.030120481927710843
2 0.3796875 0.7530120481927711 0.0578125 0.0572289156626506
2 0.49140625 0.9713855421686747 0.0609375 0.0572289156626506
2 0.47578125 0.9503012048192772 0.0609375 0.06325301204819277
2 0.28984375 0.5858433734939759 0.03125 0.02710843373493976
2 0.30625 0.6234939759036144 0.040625 0.024096385542168676