2 0.48203125 0.7395833333333334 0.2046875 0.125
2 0.4015625 0.475 0.0546875 0.05625
2 0.60234375 0.5166666666666667 0.11875 0.058333333333333334
2 0.5390625 0.5052083333333334 0.0953125 0.058333333333333334
2 0.33046875 0.471875 0.0546875 0.0625
2 0.30390625 0.5510416666666667 0.0515625 0.07708333333333334
1 0.58515625 0.640625 0.521875 0.2375
5 0.5125 0.478125 0.1296875 0.06875
2 0.8625 0.6614583333333334 0.05625 0.0875
2 0.27734375 0.6604166666666667 0.0921875 0.10833333333333334
2 0.51015625 0.4875 0.0921875 0.07083333333333333
2 0.0828125 0.64375 0.0671875 0.08333333333333333
2 0.46015625 0.490625 0.0265625 0.04791666666666667