0 0.33515625 0.49232736572890023 0.0109375 0.043478260869565216
0 0.2015625 0.47570332480818417 0.009375 0.04603580562659847
0 0.22890625 0.4820971867007673 0.0140625 0.030690537084398978
2 0.8390625 0.5396419437340153 0.321875 0.4219948849104859
4 0.44375 0.5217391304347826 0.075 0.21739130434782608
4 0.57734375 0.5025575447570333 0.09375 0.21739130434782608
4 0.27734375 0.4782608695652174 0.034375 0.10485933503836317
4 0.64453125 0.49232736572890023 0.046875 0.12276214833759591
4 0.2453125 0.3312020460358056 0.0078125 0.01278772378516624
4 0.22890625 0.31074168797953966 0.00625 0.015345268542199489
2 0.46015625 0.48721227621483376 0.15 0.1815856777493606
2 0.1109375 0.31074168797953966 0.028125 0.020460358056265986
2 0.0875 0.30179028132992325 0.0125 0.017902813299232736
5 0.328125 0.3337595907928389 0.046875 0.020460358056265986
0 0.30546875 0.48081841432225064 0.0203125 0.056265984654731455
0 0.34453125 0.48721227621483376 0.0046875 0.04603580562659847
0 0.3609375 0.48721227621483376 0.003125 0.04092071611253197
0 0.209375 0.47570332480818417 0.00625 0.03580562659846547
0 0.353125 0.4859335038363171 0.003125 0.030690537084398978
0 0.3265625 0.48081841432225064 0.009375 0.05370843989769821
0 0.21640625 0.46930946291560105 0.0046875 0.020460358056265986
0 0.25078125 0.49232736572890023 0.003125 0.020460358056265986
0 0.25390625 0.4936061381074169 0.0125 0.028132992327365727
2 0.278125 0.30434782608695654 0.0234375 0.01278772378516624
2 0.68984375 0.4936061381074169 0.06875 0.17902813299232737
2 0.15390625 0.2979539641943734 0.015625 0.015345268542199489
2 0.23125 0.29923273657289 0.015625 0.01278772378516624
4 0.2171875 0.31074168797953966 0.0078125 0.010230179028132993
0 0.32265625 0.48721227621483376 0.0015625 0.03324808184143223