2 0.64375 0.478125 0.1078125 0.052083333333333336
2 0.3921875 0.48854166666666665 0.115625 0.05416666666666667
2 0.54609375 0.47604166666666664 0.065625 0.04583333333333333
2 0.56640625 0.48125 0.0578125 0.03958333333333333
2 0.45 0.47291666666666665 0.0421875 0.035416666666666666
2 0.3203125 0.4822916666666667 0.09375 0.041666666666666664
2 0.503125 0.478125 0.0328125 0.0375
2 0.4796875 0.4739583333333333 0.028125 0.03958333333333333
2 0.275 0.4791666666666667 0.059375 0.041666666666666664
2 0.2578125 0.4739583333333333 0.0390625 0.035416666666666666
2 0.23046875 0.48125 0.028125 0.025