0 0.748 0.6228323699421965 0.412 0.5491329479768786
0 0.433 0.8106936416184971 0.718 0.3786127167630058
2 0.486 0.1531791907514451 0.462 0.2630057803468208
2 0.249 0.16184971098265896 0.282 0.17052023121387283
2 0.944 0.18063583815028902 0.108 0.18208092485549132
2 0.752 0.1199421965317919 0.134 0.1069364161849711
2 0.923 0.10115606936416185 0.096 0.07803468208092486
2 0.765 0.06213872832369942 0.076 0.017341040462427744
2 0.955 0.07803468208092486 0.076 0.06358381502890173
2 0.862 0.07658959537572255 0.154 0.05491329479768786
2 0.384 0.08526011560693642 0.036 0.023121387283236993