1 0.34296875 0.165625 0.134375 0.15208333333333332
1 0.596875 0.234375 0.384375 0.2791666666666667
5 0.0640625 0.084375 0.04375 0.04583333333333333
2 0.53359375 0.4583333333333333 0.278125 0.24166666666666667
2 0.1390625 0.18958333333333333 0.059375 0.052083333333333336
2 0.1953125 0.16666666666666666 0.05 0.05416666666666667
2 0.1640625 0.15520833333333334 0.0453125 0.052083333333333336
5 0.2453125 0.18958333333333333 0.084375 0.06875
5 0.91875 0.234375 0.103125 0.07916666666666666
2 0.2796875 0.2708333333333333 0.1234375 0.10833333333333334
2 0.10625 0.13645833333333332 0.0578125 0.03125
2 0.11171875 0.11041666666666666 0.0328125 0.029166666666666667
2 0.06328125 0.11458333333333333 0.0359375 0.027083333333333334
2 0.07109375 0.15208333333333332 0.0546875 0.05
2 0.24453125 0.13229166666666667 0.0546875 0.03125
5 0.87265625 0.1875 0.0671875 0.05416666666666667
5 0.94609375 0.434375 0.103125 0.13125