5 0.08203125 0.6864583333333333 0.0515625 0.027083333333333334
5 0.4765625 0.6677083333333333 0.0515625 0.03333333333333333
2 0.23046875 0.6854166666666667 0.0453125 0.027083333333333334
5 0.91953125 0.6645833333333333 0.0375 0.03125
5 0.315625 0.6833333333333333 0.05 0.027083333333333334
5 0.84296875 0.665625 0.0359375 0.035416666666666666
5 0.55078125 0.6760416666666667 0.021875 0.014583333333333334
5 0.19296875 0.684375 0.0375 0.029166666666666667
5 0.0125 0.6854166666666667 0.025 0.01875
5 0.94296875 0.65 0.0234375 0.01875
5 0.96953125 0.65 0.025 0.022916666666666665
2 0.8921875 0.6635416666666667 0.0234375 0.025
2 0.87734375 0.6520833333333333 0.01875 0.014583333333333334
2 0.7390625 0.665625 0.03125 0.025
5 0.39609375 0.675 0.0640625 0.029166666666666667