4 0.521875 0.6166666666666667 0.378125 0.43333333333333335
2 0.0828125 0.41805555555555557 0.028125 0.027777777777777776
5 0.83359375 0.43472222222222223 0.084375 0.10555555555555556
5 0.64765625 0.43333333333333335 0.0890625 0.1
5 0.321875 0.41388888888888886 0.109375 0.08611111111111111
5 0.16328125 0.40694444444444444 0.0421875 0.044444444444444446
5 0.71953125 0.44027777777777777 0.0640625 0.08611111111111111
5 0.95859375 0.42916666666666664 0.0515625 0.075
2 0.559375 0.4444444444444444 0.03125 0.03888888888888889
2 0.1265625 0.41388888888888886 0.034375 0.03333333333333333
2 0.759375 0.45 0.0625 0.06388888888888888
2 0.903125 0.43472222222222223 0.0421875 0.06111111111111111
5 0.26015625 0.41805555555555557 0.05 0.041666666666666664
5 0.19609375 0.4097222222222222 0.0609375 0.04722222222222222
5 0.3671875 0.4236111111111111 0.0875 0.06666666666666667
5 0.5671875 0.4152777777777778 0.0390625 0.044444444444444446
2 0.1 0.41944444444444445 0.0328125 0.03333333333333333
2 0.23359375 0.4166666666666667 0.03125 0.027777777777777776
5 0.128125 0.41388888888888886 0.034375 0.03611111111111111