2 0.283 0.8858858858858859 0.214 0.22822822822822822
2 0.922 0.8723723723723724 0.152 0.2072072072072072
2 0.375 0.7882882882882883 0.026 0.07507507507507508
2 0.423 0.7597597597597597 0.024 0.04804804804804805
4 0.311 0.9069069069069069 0.232 0.16516516516516516
4 0.849 0.8813813813813813 0.042 0.08708708708708708
4 0.8 0.8618618618618619 0.03 0.07207207207207207
4 0.531 0.8033033033033034 0.046 0.08708708708708708
4 0.469 0.7627627627627628 0.012 0.036036036036036036
4 0.755 0.8438438438438438 0.042 0.07807807807807808
2 0.709 0.7807807807807807 0.066 0.1111111111111111
5 0.679 0.7597597597597597 0.066 0.1111111111111111
2 0.381 0.7792792792792793 0.032 0.07207207207207207
2 0.269 0.8363363363363363 0.498 0.2132132132132132
2 0.413 0.7627627627627628 0.024 0.042042042042042045
2 0.428 0.7552552552552553 0.022 0.042042042042042045
2 0.403 0.7672672672672672 0.028 0.05105105105105105
2 0.366 0.7372372372372372 0.02 0.012012012012012012
4 0.845 0.8528528528528528 0.072 0.1111111111111111
4 0.565 0.8048048048048048 0.02 0.04804804804804805
4 0.575 0.7942942942942943 0.014 0.036036036036036036
2 0.621 0.7732732732732732 0.046 0.06906906906906907