2 0.75859375 0.6967213114754098 0.059375 0.02810304449648712
2 0.828125 0.6943793911007026 0.0625 0.02810304449648712
2 0.8921875 0.6967213114754098 0.065625 0.02810304449648712
5 0.075 0.689695550351288 0.025 0.01405152224824356
5 0.76328125 0.6967213114754098 0.0640625 0.03044496487119438
5 0.48125 0.702576112412178 0.05 0.0234192037470726
5 0.6703125 0.6990632318501171 0.0609375 0.02810304449648712
5 0.53671875 0.702576112412178 0.05 0.03044496487119438
2 0.53671875 0.702576112412178 0.0484375 0.03044496487119438
2 0.48125 0.702576112412178 0.0484375 0.02576112412177986
2 0.440625 0.7037470725995316 0.0359375 0.02107728337236534
2 0.3890625 0.6990632318501171 0.471875 0.02810304449648712
2 0.6765625 0.7002341920374707 0.059375 0.03044496487119438
5 0.3984375 0.7014051522248244 0.0359375 0.02576112412177986