2 0.58359375 0.9489583333333333 0.11875 0.08333333333333333
2 0.6421875 0.9 0.03125 0.04375
2 0.953125 0.925 0.09375 0.11041666666666666
2 0.89375 0.925 0.08125 0.08541666666666667
2 0.8578125 0.9197916666666667 0.0765625 0.09375
2 0.5765625 0.9041666666666667 0.05625 0.016666666666666666
2 0.7625 0.9125 0.0359375 0.05416666666666667
2 0.71328125 0.9208333333333333 0.071875 0.075
2 0.6203125 0.953125 0.040625 0.09375
2 0.81484375 0.915625 0.04375 0.06458333333333334
2 0.79140625 0.915625 0.0515625 0.0625