2 0.81015625 0.29046563192904656 0.0671875 0.05321507760532151
2 0.55078125 0.29046563192904656 0.0953125 0.050997782705099776
2 0.20859375 0.30155210643015523 0.034375 0.050997782705099776
2 0.55859375 0.2926829268292683 0.075 0.04656319290465632
2 0.2765625 0.28492239467849223 0.0796875 0.04434589800443459
2 0.6609375 0.3048780487804878 0.0765625 0.0598669623059867
2 0.5171875 0.2915742793791574 0.0671875 0.04878048780487805
2 0.31640625 0.3004434589800443 0.0578125 0.04878048780487805
2 0.665625 0.26940133037694014 0.0484375 0.026607538802660754
2 0.3921875 0.30376940133037694 0.025 0.022172949002217297
2 0.15625 0.29379157427937913 0.0328125 0.028824833702882482
5 0.396875 0.2915742793791574 0.103125 0.06651884700665188
5 0.75390625 0.2804878048780488 0.05625 0.06208425720620843
2 0.12109375 0.2982261640798226 0.059375 0.031042128603104215