4 0.44609375 0.5550351288056206 0.2234375 0.3559718969555035
4 0.853125 0.6908665105386417 0.29375 0.6182669789227166
4 0.34921875 0.5714285714285714 0.1171875 0.1990632318501171
4 0.609375 0.5761124121779859 0.34375 0.5199063231850117
4 0.178125 0.5140515222482436 0.0828125 0.08899297423887588
4 0.1796875 0.4613583138173302 0.13125 0.14988290398126464
4 0.11171875 0.446135831381733 0.0640625 0.08899297423887588
4 0.0828125 0.43676814988290397 0.0453125 0.07728337236533958
4 0.30078125 0.5398126463700235 0.2125 0.2224824355971897
4 0.215625 0.5105386416861827 0.1046875 0.21311475409836064
4 0.7203125 0.48009367681498827 0.1625 0.1522248243559719
4 0.0625 0.4238875878220141 0.0234375 0.0468384074941452
4 0.040625 0.4262295081967213 0.0390625 0.0468384074941452