2 0.465625 0.6666666666666666 0.0609375 0.04375
2 0.53359375 0.65625 0.03125 0.04375
2 0.55703125 0.659375 0.021875 0.03333333333333333
2 0.58359375 0.6552083333333333 0.0296875 0.027083333333333334
2 0.60234375 0.653125 0.0203125 0.025
2 0.65546875 0.6697916666666667 0.059375 0.05416666666666667
2 0.6234375 0.6510416666666666 0.021875 0.022916666666666665
2 0.69765625 0.6645833333333333 0.0203125 0.04375
2 0.70703125 0.659375 0.028125 0.03958333333333333
2 0.5015625 0.6614583333333334 0.0390625 0.04375
2 0.68046875 0.6708333333333333 0.0390625 0.04791666666666667