0 0.696875 0.7112860892388452 0.0578125 0.11548556430446194
2 0.06796875 0.7034120734908137 0.11875 0.11023622047244094
2 0.91953125 0.5958005249343832 0.0296875 0.049868766404199474
2 0.95234375 0.5905511811023622 0.01875 0.047244094488188976
4 0.64765625 0.7178477690288714 0.0953125 0.19160104986876642
4 0.57578125 0.7270341207349081 0.0421875 0.14698162729658792
1 0.809375 0.589238845144357 0.18125 0.1679790026246719
4 0.43671875 0.7257217847769029 0.0828125 0.10761154855643044
4 0.253125 0.7257217847769029 0.0359375 0.08136482939632546
4 0.234375 0.7178477690288714 0.0453125 0.07611548556430446
4 0.5140625 0.7244094488188977 0.0625 0.14960629921259844
4 0.39296875 0.7191601049868767 0.03125 0.09973753280839895
4 0.3328125 0.7217847769028871 0.078125 0.11548556430446194
4 0.38359375 0.6863517060367454 0.0328125 0.13123359580052493
5 0.94140625 0.5498687664041995 0.0359375 0.04461942257217848
1 0.43828125 0.594488188976378 0.184375 0.07086614173228346
4 0.2953125 0.7204724409448819 0.0328125 0.09711286089238845
4 0.184375 0.7270341207349081 0.04375 0.09711286089238845
2 0.90546875 0.6023622047244095 0.021875 0.06036745406824147
2 0.9890625 0.5813648293963255 0.0140625 0.03937007874015748
4 0.48828125 0.7244094488188977 0.0265625 0.10761154855643044
5 0.0671875 0.699475065616798 0.1015625 0.11811023622047244