2 0.38 0.43866666666666665 0.036 0.016
2 0.371 0.468 0.048 0.034666666666666665
4 0.617 0.804 0.196 0.392
4 0.791 0.772 0.21 0.456
4 0.92 0.764 0.16 0.45066666666666666
4 0.493 0.5746666666666667 0.104 0.15733333333333333
4 0.628 0.568 0.082 0.09333333333333334
4 0.806 0.5466666666666666 0.082 0.12266666666666666
4 0.567 0.6506666666666666 0.072 0.176
4 0.735 0.584 0.054 0.08533333333333333
4 0.669 0.6386666666666667 0.088 0.24266666666666667
4 0.426 0.772 0.212 0.432
4 0.261 0.8026666666666666 0.162 0.37066666666666664
4 0.096 0.752 0.178 0.34933333333333333
4 0.432 0.544 0.056 0.09333333333333334