2 0.3375 0.30694444444444446 0.1 0.19166666666666668
4 0.790625 0.3611111111111111 0.0859375 0.23055555555555557
4 0.49765625 0.3347222222222222 0.309375 0.6555555555555556
4 0.1578125 0.49583333333333335 0.3140625 0.9777777777777777
4 0.66640625 0.3486111111111111 0.0953125 0.38055555555555554
4 0.83984375 0.35694444444444445 0.028125 0.15833333333333333
2 0.27265625 0.3194444444444444 0.028125 0.04722222222222222
4 0.86953125 0.3638888888888889 0.0578125 0.12777777777777777
4 0.90078125 0.37777777777777777 0.034375 0.09166666666666666
4 0.7296875 0.35138888888888886 0.1140625 0.2916666666666667
4 0.95546875 0.3625 0.040625 0.10555555555555556
4 0.91875 0.36944444444444446 0.0375 0.10277777777777777