2 0.34921875 0.4449648711943794 0.05625 0.02576112412177986
2 0.4171875 0.4496487119437939 0.0625 0.03044496487119438
2 0.49921875 0.45433255269320844 0.0625 0.03278688524590164
2 0.56796875 0.4601873536299766 0.0453125 0.0234192037470726
2 0.63828125 0.4637002341920375 0.0453125 0.03044496487119438
2 0.865625 0.477751756440281 0.0421875 0.02576112412177986
2 0.93203125 0.4812646370023419 0.04375 0.02810304449648712
2 0.98046875 0.4882903981264637 0.0390625 0.02107728337236534
2 0.37265625 0.4449648711943794 0.040625 0.02810304449648712
2 0.79765625 0.4718969555035129 0.0625 0.03044496487119438
2 0.1203125 0.4262295081967213 0.0375 0.02107728337236534
2 0.21484375 0.4344262295081967 0.021875 0.03044496487119438
2 0.25234375 0.44028103044496486 0.021875 0.0234192037470726