2 0.23203125 0.5291666666666667 0.396875 0.3125
2 0.7671875 0.48541666666666666 0.4640625 0.21875
2 0.6640625 0.44375 0.1890625 0.07708333333333334
2 0.34921875 0.48854166666666665 0.23125 0.175
0 0.54765625 0.6583333333333333 0.140625 0.40625
0 0.37890625 0.65 0.1515625 0.44583333333333336
0 0.29921875 0.640625 0.1453125 0.45416666666666666
0 0.2375 0.621875 0.1546875 0.5041666666666667
0 0.74375 0.65 0.1 0.33541666666666664
0 0.4671875 0.6645833333333333 0.1265625 0.40208333333333335
0 0.8265625 0.6166666666666667 0.15 0.39375
0 0.6796875 0.64375 0.1578125 0.38958333333333334
0 0.95234375 0.8458333333333333 0.0953125 0.30833333333333335
0 0.925 0.6197916666666666 0.15 0.3458333333333333
0 0.0609375 0.784375 0.121875 0.2791666666666667
0 0.88828125 0.553125 0.06875 0.15833333333333333