1 0.49609375 0.43911007025761123 0.23125 0.6463700234192038
1 0.2578125 0.7634660421545667 0.1984375 0.4519906323185012
1 0.10703125 0.4262295081967213 0.159375 0.6135831381733021
1 0.334375 0.4718969555035129 0.1734375 0.48009367681498827
1 0.64609375 0.4215456674473068 0.303125 0.6440281030444965
1 0.79140625 0.7728337236533958 0.290625 0.4262295081967213
1 0.91875 0.7634660421545667 0.15625 0.4496487119437939
1 0.8125 0.3758782201405152 0.375 0.5644028103044496
1 0.86640625 0.2857142857142857 0.2671875 0.3957845433255269
1 0.9078125 0.1323185011709602 0.184375 0.2646370023419204
1 0.09453125 0.12646370023419204 0.1890625 0.2529274004683841
1 0.22578125 0.12295081967213115 0.20625 0.2459016393442623
1 0.05 0.7798594847775175 0.1 0.4168618266978923