2 0.75234375 0.8934426229508197 0.4703125 0.1920374707259953
2 0.50546875 0.8758782201405152 0.2171875 0.24355971896955503
2 0.48984375 0.7213114754098361 0.09375 0.07494145199063232
2 0.58515625 0.7189695550351288 0.0921875 0.0702576112412178
2 0.446875 0.689695550351288 0.0453125 0.0468384074941452
2 0.4078125 0.7037470725995316 0.0578125 0.053864168618266976
2 0.32734375 0.667447306791569 0.009375 0.04215456674473068
2 0.30546875 0.7447306791569087 0.0890625 0.0936768149882904
2 0.28046875 0.7131147540983607 0.046875 0.0702576112412178
2 0.38125 0.680327868852459 0.040625 0.04449648711943794
2 0.2671875 0.6569086651053864 0.0265625 0.02810304449648712
2 0.29296875 0.667447306791569 0.021875 0.01873536299765808