2 0.70390625 0.6052083333333333 0.0375 0.04375
4 0.30078125 0.8104166666666667 0.5984375 0.37916666666666665
4 0.509375 0.796875 0.209375 0.37916666666666665
4 0.5640625 0.6666666666666666 0.11875 0.13125
4 0.59453125 0.7354166666666667 0.10625 0.12083333333333333
4 0.62109375 0.6135416666666667 0.01875 0.0375
4 0.63984375 0.6052083333333333 0.0203125 0.035416666666666666
4 0.86484375 0.771875 0.153125 0.3
4 0.60234375 0.8239583333333333 0.1296875 0.27291666666666664
4 0.5921875 0.6395833333333333 0.0640625 0.09375
4 0.975 0.7572916666666667 0.05 0.20625
4 0.546875 0.5947916666666667 0.0125 0.014583333333333334
4 0.6140625 0.6135416666666667 0.0109375 0.01875