2 0.085 0.4382530120481928 0.17 0.12349397590361445
2 0.766 0.4427710843373494 0.088 0.10542168674698796
2 0.449 0.4397590361445783 0.188 0.12951807228915663
0 0.851 0.4954819277108434 0.192 0.23493975903614459
0 0.062 0.5225903614457831 0.068 0.12349397590361445
0 0.735 0.7846385542168675 0.29 0.31626506024096385
4 0.303 0.5512048192771084 0.084 0.10542168674698796
4 0.902 0.8795180722891566 0.196 0.21385542168674698
4 0.548 0.5873493975903614 0.084 0.1566265060240964
4 0.936 0.4713855421686747 0.03 0.06325301204819277
4 0.437 0.5753012048192772 0.16 0.18072289156626506