0 0.58828125 0.6873563218390805 0.0359375 0.1724137931034483
2 0.81171875 0.5574712643678161 0.25 0.3632183908045977
2 0.58203125 0.38045977011494253 0.19375 0.21839080459770116
2 0.20546875 0.37126436781609196 0.0984375 0.21149425287356322
2 0.759375 0.4793103448275862 0.2125 0.3586206896551724
2 0.73359375 0.42758620689655175 0.2046875 0.3425287356321839
2 0.23828125 0.2885057471264368 0.115625 0.1724137931034483
2 0.25703125 0.18620689655172415 0.0625 0.08735632183908046
2 0.29765625 0.16551724137931034 0.0765625 0.08505747126436781
2 0.640625 0.23563218390804597 0.1390625 0.06666666666666667
1 0.08046875 0.3816091954022989 0.1609375 0.7609195402298851
5 0.45625 0.2770114942528736 0.1640625 0.33793103448275863
5 0.40703125 0.1735632183908046 0.1171875 0.19540229885057472
2 0.21796875 0.17471264367816092 0.0734375 0.08045977011494253
5 0.5984375 0.20919540229885059 0.1 0.10114942528735632