2 0.39453125 0.7868852459016393 0.1078125 0.06088992974238876
2 0.0671875 0.7798594847775175 0.134375 0.07728337236533958
2 0.4734375 0.7786885245901639 0.053125 0.04215456674473068
2 0.42265625 0.7634660421545667 0.0546875 0.03044496487119438
2 0.62734375 0.7822014051522248 0.05 0.04215456674473068
2 0.21953125 0.788056206088993 0.1734375 0.09836065573770492
2 0.93515625 0.8911007025761124 0.1296875 0.1873536299765808
2 0.921875 0.7903981264637002 0.15625 0.1522248243559719
2 0.3234375 0.775175644028103 0.0640625 0.04215456674473068
2 0.2796875 0.7611241217798594 0.0515625 0.03747072599531616
2 0.515625 0.775175644028103 0.034375 0.03747072599531616
2 0.5375 0.7740046838407494 0.028125 0.0351288056206089
5 0.58359375 0.7775175644028103 0.05 0.0468384074941452
2 0.4578125 0.7599531615925058 0.03125 0.02576112412177986
5 0.684375 0.7728337236533958 0.028125 0.03747072599531616