2 0.4484375 0.6098130841121495 0.4890625 0.4953271028037383
2 0.8953125 0.3691588785046729 0.1046875 0.053738317757009345
2 0.77421875 0.3644859813084112 0.1359375 0.06074766355140187
2 0.20859375 0.35397196261682246 0.0375 0.0397196261682243
1 0.9734375 0.33761682242990654 0.0515625 0.10981308411214953
5 0.66796875 0.3516355140186916 0.1515625 0.07710280373831775
2 0.33828125 0.3469626168224299 0.05 0.02336448598130841
2 0.30390625 0.34813084112149534 0.0421875 0.02336448598130841
2 0.25625 0.36098130841121495 0.0328125 0.02336448598130841
2 0.66484375 0.35046728971962615 0.1515625 0.0794392523364486
2 0.28359375 0.3469626168224299 0.01875 0.02336448598130841
2 0.11875 0.35864485981308414 0.028125 0.04906542056074766