2 0.571 0.45738636363636365 0.036 0.08522727272727272
4 0.161 0.8210227272727273 0.182 0.3522727272727273
4 0.361 0.7414772727272727 0.096 0.3181818181818182
4 0.499 0.5085227272727273 0.028 0.10795454545454546
5 0.809 0.6818181818181818 0.364 0.6363636363636364
5 0.609 0.41761363636363635 0.036 0.09659090909090909
2 0.043 0.7102272727272727 0.086 0.4147727272727273
2 0.248 0.5625 0.092 0.23295454545454544
2 0.581 0.4403409090909091 0.03 0.07954545454545454
2 0.683 0.39488636363636365 0.02 0.05113636363636364
5 0.651 0.4375 0.034 0.09659090909090909