2 0.596875 0.8791666666666667 0.046875 0.075
2 0.21015625 0.9736111111111111 0.246875 0.05277777777777778
2 0.6 0.8222222222222222 0.0359375 0.03611111111111111
2 0.40546875 0.8541666666666666 0.04375 0.03333333333333333
2 0.64140625 0.8152777777777778 0.0296875 0.03333333333333333
2 0.38828125 0.975 0.15 0.05
2 0.83125 0.8472222222222222 0.3234375 0.058333333333333334
2 0.5109375 0.8347222222222223 0.0203125 0.030555555555555555
2 0.5265625 0.8347222222222223 0.0265625 0.03611111111111111
2 0.7765625 0.9277777777777778 0.446875 0.13055555555555556
2 0.6234375 0.8666666666666667 0.0171875 0.05277777777777778
2 0.42578125 0.8472222222222222 0.0296875 0.04722222222222222
5 0.7734375 0.9027777777777778 0.4359375 0.16944444444444445
2 0.44375 0.8347222222222223 0.01875 0.03611111111111111