2 0.5363636363636364 0.6984375 0.9227272727272727 0.571875
2 0.6443181818181818 0.42109375 0.31363636363636366 0.0390625
2 0.29204545454545455 0.425 0.14772727272727273 0.1234375
2 0.3875 0.41484375 0.08181818181818182 0.0921875
2 0.4193181818181818 0.3953125 0.10909090909090909 0.0578125
2 0.6931818181818182 0.40390625 0.225 0.05
2 0.6727272727272727 0.415625 0.2681818181818182 0.0515625
2 0.5227272727272727 0.3890625 0.0659090909090909 0.0453125
2 0.48068181818181815 0.39453125 0.05454545454545454 0.0578125
2 0.7386363636363636 0.36640625 0.038636363636363635 0.0109375
5 0.5397727272727273 0.6984375 0.9204545454545454 0.5765625
1 0.1125 0.40859375 0.225 0.3140625