0 0.496875 0.48020833333333335 0.0078125 0.041666666666666664
2 0.7796875 0.44895833333333335 0.2265625 0.035416666666666666
2 0.2546875 0.4708333333333333 0.0671875 0.04791666666666667
2 0.771875 0.4375 0.046875 0.025
2 0.7296875 0.43645833333333334 0.0390625 0.01875
5 0.3046875 0.4552083333333333 0.0546875 0.05
0 0.5390625 0.5385416666666667 0.0125 0.08125
2 0.9828125 0.42916666666666664 0.034375 0.016666666666666666
2 0.91484375 0.43333333333333335 0.0453125 0.022916666666666665
2 0.65625 0.4427083333333333 0.028125 0.01875
2 0.828125 0.4322916666666667 0.04375 0.01875