0 0.846875 0.890625 0.271875 0.21875
0 0.346875 0.846875 0.240625 0.2520833333333333
0 0.93515625 0.7385416666666667 0.128125 0.125
0 0.7046875 0.7427083333333333 0.021875 0.06041666666666667
0 0.26015625 0.7989583333333333 0.1125 0.1125
0 0.77890625 0.7291666666666666 0.121875 0.13333333333333333
0 0.67265625 0.73125 0.0296875 0.11666666666666667
0 0.60390625 0.6385416666666667 0.025 0.05
0 0.86328125 0.73125 0.0703125 0.11041666666666666
0 0.01015625 0.6875 0.0203125 0.08333333333333333
0 0.5546875 0.7229166666666667 0.1375 0.10833333333333334
0 0.5921875 0.7020833333333333 0.021875 0.027083333333333334