0 0.73359375 0.8891509433962265 0.06875 0.18867924528301888
0 0.50390625 0.8537735849056604 0.0359375 0.12264150943396226
0 0.38828125 0.7794811320754716 0.0078125 0.07311320754716981
0 0.35859375 0.7051886792452831 0.003125 0.02122641509433962
0 0.78515625 0.8455188679245284 0.0609375 0.125
0 0.53828125 0.7783018867924528 0.0171875 0.08254716981132075
0 0.58984375 0.8431603773584906 0.0390625 0.10849056603773585
0 0.62890625 0.9091981132075472 0.071875 0.1721698113207547
0 0.8203125 0.972877358490566 0.0625 0.054245283018867926
0 0.4546875 0.7582547169811321 0.01875 0.05188679245283019
0 0.43984375 0.7735849056603774 0.0171875 0.07075471698113207