2 0.609375 0.5479166666666667 0.3015625 0.14166666666666666
2 0.79296875 0.4822916666666667 0.01875 0.022916666666666665
2 0.859375 0.5 0.0375 0.03958333333333333
2 0.87578125 0.490625 0.028125 0.03333333333333333
2 0.8078125 0.48020833333333335 0.015625 0.020833333333333332
2 0.775 0.48541666666666666 0.0328125 0.03125
2 0.88125 0.46770833333333334 0.0171875 0.008333333333333333
5 0.484375 0.5020833333333333 0.109375 0.0625
5 0.67578125 0.478125 0.04375 0.03125
2 0.67421875 0.47708333333333336 0.04375 0.03333333333333333
2 0.840625 0.46458333333333335 0.0109375 0.010416666666666666
2 0.846875 0.4635416666666667 0.00625 0.008333333333333333
2 0.8796875 0.45729166666666665 0.0078125 0.008333333333333333
2 0.85703125 0.45729166666666665 0.0046875 0.0125