4 0.435 0.6357388316151202 0.19 0.43986254295532645
4 0.202 0.627147766323024 0.17 0.3539518900343643
4 0.083 0.5807560137457045 0.164 0.41580756013745707
4 0.942 0.6752577319587629 0.116 0.5120274914089347
4 0.781 0.6426116838487973 0.164 0.49140893470790376
4 0.313 0.5979381443298969 0.202 0.4536082474226804
4 0.549 0.5618556701030928 0.11 0.29896907216494845
4 0.892 0.5223367697594502 0.124 0.23024054982817868
4 0.832 0.5085910652920962 0.058 0.27147766323024053
4 0.411 0.4742268041237113 0.084 0.15120274914089346
4 0.22 0.4072164948453608 0.122 0.13058419243986255
4 0.295 0.4845360824742268 0.076 0.14776632302405499