2 0.340625 0.8208430913348946 0.3609375 0.20608899297423888
2 0.625 0.7271662763466042 0.0671875 0.07494145199063232
2 0.67890625 0.6943793911007026 0.0265625 0.03981264637002342
2 0.0671875 0.734192037470726 0.0921875 0.04215456674473068
2 0.02578125 0.7365339578454333 0.0484375 0.04449648711943794
2 0.16953125 0.7283372365339579 0.03125 0.03044496487119438
2 0.44609375 0.7154566744730679 0.040625 0.03044496487119438
5 0.67890625 0.6943793911007026 0.025 0.03747072599531616
5 0.86015625 0.667447306791569 0.0671875 0.05620608899297424
2 0.71484375 0.6850117096018735 0.0125 0.02576112412177986
2 0.48203125 0.7177985948477752 0.021875 0.0234192037470726
2 0.10859375 0.7318501170960188 0.01875 0.03044496487119438