2 0.2875 0.6166666666666667 0.246875 0.35
2 0.5453125 0.5333333333333333 0.165625 0.24722222222222223
2 0.65078125 0.5111111111111111 0.0703125 0.16944444444444445
2 0.41640625 0.5180555555555556 0.1046875 0.11388888888888889
2 0.4703125 0.4722222222222222 0.0546875 0.09166666666666666
2 0.734375 0.4791666666666667 0.046875 0.05277777777777778
1 0.384375 0.3638888888888889 0.178125 0.23333333333333334
0 0.87265625 0.625 0.0578125 0.19166666666666668
2 0.2703125 0.43472222222222223 0.1125 0.027777777777777776
1 0.815625 0.41944444444444445 0.0703125 0.18333333333333332
1 0.0953125 0.5027777777777778 0.190625 0.8638888888888889
1 0.64296875 0.39305555555555555 0.084375 0.075