2 0.89375 0.15208333333333332 0.0453125 0.04583333333333333
2 0.696875 0.3145833333333333 0.0578125 0.058333333333333334
2 0.8140625 0.3572916666666667 0.04375 0.05416666666666667
2 0.8484375 0.32083333333333336 0.05 0.05625
5 0.2765625 0.6916666666666667 0.178125 0.20208333333333334
5 0.4546875 0.5291666666666667 0.15625 0.17708333333333334
5 0.73828125 0.4083333333333333 0.128125 0.14166666666666666
2 0.90546875 0.7708333333333334 0.0328125 0.04375
2 0.91640625 0.24895833333333334 0.0453125 0.06041666666666667
2 0.16796875 0.9614583333333333 0.0953125 0.05416666666666667
2 0.9609375 0.09166666666666666 0.0375 0.0375
5 0.1328125 0.6552083333333333 0.090625 0.09166666666666666
2 0.9875 0.0625 0.025 0.03333333333333333