1 0.48984375 0.6925837320574163 0.11875 0.2966507177033493
1 0.50625 0.45215311004784686 0.14375 0.14832535885167464
1 0.4078125 0.4461722488038278 0.1140625 0.14354066985645933
1 0.54609375 0.4784688995215311 0.071875 0.1076555023923445
5 0.340625 0.7117224880382775 0.0796875 0.13157894736842105
2 0.65 0.8696172248803827 0.128125 0.16267942583732056
2 0.90703125 0.8899521531100478 0.096875 0.15550239234449761
2 0.85390625 0.881578947368421 0.05625 0.16507177033492823
2 0.23828125 0.9126794258373205 0.140625 0.16507177033492823
2 0.78359375 0.84688995215311 0.084375 0.14114832535885166
2 0.85546875 0.868421052631579 0.11875 0.15789473684210525
2 0.21171875 0.9282296650717703 0.0921875 0.14354066985645933
2 0.32734375 0.854066985645933 0.0546875 0.1339712918660287
2 0.72265625 0.8110047846889952 0.04375 0.10287081339712918
2 0.65625 0.7511961722488039 0.065625 0.07416267942583732
2 0.9671875 0.9066985645933014 0.0640625 0.18660287081339713
2 0.5765625 0.8875598086124402 0.771875 0.18181818181818182
2 0.10546875 0.8504784688995215 0.2109375 0.29904306220095694