0 0.11171875 0.953125 0.071875 0.052083333333333336
2 0.2640625 0.9208333333333333 0.1296875 0.06666666666666667
2 0.7265625 0.9208333333333333 0.1421875 0.07083333333333333
2 0.32578125 0.890625 0.0421875 0.041666666666666664
2 0.35 0.8854166666666666 0.021875 0.03333333333333333
2 0.046875 0.928125 0.09375 0.08125
2 0.2765625 0.8677083333333333 0.0328125 0.010416666666666666
2 0.2171875 0.890625 0.0421875 0.0375
2 0.3328125 0.8677083333333333 0.0515625 0.027083333333333334
2 0.2953125 0.8885416666666667 0.028125 0.03333333333333333
2 0.40703125 0.8583333333333333 0.0109375 0.010416666666666666
2 0.5109375 0.846875 0.0140625 0.016666666666666666
2 0.59921875 0.8541666666666666 0.0109375 0.016666666666666666