4 0.65859375 0.6885245901639344 0.2796875 0.2857142857142857
4 0.37265625 0.6264637002341921 0.171875 0.1522248243559719
4 0.90078125 0.5807962529274004 0.0578125 0.07259953161592506
4 0.85546875 0.5702576112412178 0.0703125 0.06791569086651054
4 0.82578125 0.5690866510538641 0.0375 0.04918032786885246
4 0.98515625 0.6030444964871194 0.0296875 0.07728337236533958
5 0.65390625 0.5339578454332553 0.0859375 0.053864168618266976
4 0.95390625 0.5749414519906323 0.0828125 0.10304449648711944
4 0.803125 0.5573770491803278 0.04375 0.0585480093676815
4 0.77265625 0.5655737704918032 0.01875 0.03747072599531616
4 0.01484375 0.5562060889929742 0.0296875 0.03981264637002342
4 0.46796875 0.5796252927400468 0.1046875 0.1288056206088993
4 0.18359375 0.5971896955503513 0.125 0.10070257611241218
4 0.33984375 0.5913348946135831 0.11875 0.1686182669789227