2 0.6487119437939111 0.52421875 0.05620608899297424 0.0140625
2 0.797423887587822 0.5046875 0.04449648711943794 0.0140625
2 0.6838407494145199 0.5125 0.02810304449648712 0.0078125
2 0.724824355971897 0.5234375 0.05620608899297424 0.0140625
2 0.7435597189695551 0.51953125 0.0468384074941452 0.0109375
2 0.7107728337236534 0.51015625 0.02576112412177986 0.0125
2 0.8559718969555035 0.521875 0.05152224824355972 0.0125
2 0.5515222482435597 0.5125 0.03981264637002342 0.009375
2 0.5831381733021077 0.52265625 0.05152224824355972 0.0109375
2 0.5234192037470726 0.515625 0.02810304449648712 0.009375
2 0.5538641686182669 0.5265625 0.05152224824355972 0.0078125
2 0.7962529274004684 0.52421875 0.053864168618266976 0.015625
2 0.6814988290398126 0.5078125 0.0351288056206089 0.0078125