2 0.6359375 0.6802083333333333 0.45625 0.40625
2 0.453125 0.5197916666666667 0.2625 0.2125
2 0.17421875 0.50625 0.33125 0.16875
2 0.8921875 0.45729166666666665 0.021875 0.020833333333333332
2 0.86953125 0.4510416666666667 0.0203125 0.022916666666666665
2 0.93828125 0.46770833333333334 0.034375 0.04791666666666667
2 0.78125 0.4739583333333333 0.078125 0.06875
2 0.66796875 0.45208333333333334 0.0359375 0.03125
2 0.715625 0.45625 0.0703125 0.0625
2 0.921875 0.46145833333333336 0.0203125 0.027083333333333334
5 0.59375 0.4510416666666667 0.0515625 0.035416666666666666
2 0.83046875 0.4666666666666667 0.046875 0.04375