2 0.546875 0.7203065134099617 0.234375 0.1724137931034483
2 0.65390625 0.7001915708812261 0.090625 0.12260536398467432
2 0.6984375 0.6839080459770115 0.053125 0.08812260536398467
2 0.22734375 0.6896551724137931 0.125 0.10919540229885058
2 0.440625 0.6724137931034483 0.0828125 0.06321839080459771
2 0.34921875 0.6800766283524904 0.1265625 0.0842911877394636
2 0.0453125 0.7049808429118773 0.0640625 0.12452107279693486
2 0.73125 0.6704980842911877 0.05625 0.06896551724137931
2 0.778125 0.6666666666666666 0.0421875 0.03065134099616858
2 0.49375 0.6609195402298851 0.034375 0.04789272030651341
2 0.39140625 0.6494252873563219 0.03125 0.02490421455938697