0 0.41640625 0.8833333333333333 0.0484375 0.06666666666666667
0 0.46328125 0.884375 0.0328125 0.06041666666666667
0 0.32265625 0.8895833333333333 0.0359375 0.05625
2 0.15546875 0.9135416666666667 0.3078125 0.15
4 0.31875 0.8895833333333333 0.0375 0.05
0 0.7484375 0.871875 0.03125 0.06041666666666667
0 0.384375 0.8916666666666667 0.0125 0.04791666666666667
0 0.43828125 0.8895833333333333 0.01875 0.05416666666666667
0 0.50703125 0.8833333333333333 0.0140625 0.05416666666666667
0 0.35859375 0.8864583333333333 0.03125 0.058333333333333334
0 0.36953125 0.8916666666666667 0.01875 0.04791666666666667
4 0.29296875 0.8875 0.0296875 0.06041666666666667
4 0.68125 0.865625 0.028125 0.052083333333333336
4 0.52421875 0.8760416666666667 0.040625 0.0875
4 0.2703125 0.8875 0.0359375 0.05
4 0.703125 0.8583333333333333 0.01875 0.07708333333333334
4 0.95078125 0.8552083333333333 0.04375 0.05
4 0.909375 0.8614583333333333 0.0171875 0.029166666666666667
4 0.5640625 0.8822916666666667 0.0265625 0.058333333333333334