0 0.8640625 0.8466981132075472 0.2703125 0.25943396226415094
0 0.8640625 0.8183962264150944 0.2640625 0.25235849056603776
0 0.89140625 0.5931603773584906 0.1609375 0.10613207547169812
0 0.88671875 0.5011792452830188 0.15 0.17452830188679244
0 0.83359375 0.5224056603773585 0.090625 0.14858490566037735
0 0.95078125 0.5707547169811321 0.0859375 0.08490566037735849
0 0.90390625 0.4846698113207547 0.1515625 0.13679245283018868
0 0.90703125 0.5283018867924528 0.1359375 0.10141509433962265
0 0.8671875 0.5801886792452831 0.0859375 0.07547169811320754
2 0.92578125 0.33608490566037735 0.021875 0.04009433962264151
0 0.86328125 0.7075471698113207 0.2734375 0.25