2 0.0734375 0.7622950819672131 0.1453125 0.19437939110070257
2 0.2078125 0.7037470725995316 0.1390625 0.06323185011709602
2 0.48984375 0.711943793911007 0.0734375 0.04918032786885246
4 0.490625 0.8266978922716628 0.0484375 0.16393442622950818
4 0.70234375 0.8946135831381733 0.075 0.18969555035128804
2 0.534375 0.7330210772833724 0.315625 0.09601873536299765
4 0.765625 0.8711943793911007 0.1015625 0.1873536299765808
4 0.46328125 0.8571428571428571 0.053125 0.13348946135831383
4 0.78125 0.9063231850117096 0.0609375 0.13817330210772832
4 0.26640625 0.7669789227166276 0.025 0.09133489461358314
4 0.80234375 0.9309133489461359 0.0671875 0.10304449648711944
4 0.1734375 0.7716627634660421 0.0453125 0.10070257611241218
4 0.6890625 0.7810304449648712 0.05625 0.053864168618266976
4 0.953125 0.870023419203747 0.0734375 0.16393442622950818
4 0.81484375 0.8126463700234192 0.05625 0.05620608899297424
4 0.665625 0.7704918032786885 0.028125 0.04215456674473068
2 0.0609375 0.65807962529274 0.0984375 0.02810304449648712
5 0.31953125 0.7365339578454333 0.0796875 0.1405152224824356