2 0.253125 0.37578125 0.3770833333333333 0.1
2 0.496875 0.3203125 0.09583333333333334 0.0390625
2 0.4322916666666667 0.3140625 0.09791666666666667 0.040625
2 0.3854166666666667 0.3140625 0.03958333333333333 0.0234375
2 0.09583333333333334 0.3296875 0.10416666666666667 0.05625
2 0.16770833333333332 0.3171875 0.04583333333333333 0.0390625
5 0.3625 0.29375 0.12083333333333333 0.053125
5 0.035416666666666666 0.30625 0.035416666666666666 0.0359375
2 0.20104166666666667 0.31328125 0.04791666666666667 0.0359375
2 0.3375 0.31484375 0.058333333333333334 0.0296875
2 0.2635416666666667 0.31640625 0.03125 0.0171875