4 0.4984375 0.578125 0.115625 0.1125
4 0.4234375 0.5666666666666667 0.1296875 0.16875
4 0.34921875 0.5854166666666667 0.103125 0.14583333333333334
4 0.27890625 0.5822916666666667 0.1296875 0.17916666666666667
4 0.18125 0.5760416666666667 0.0859375 0.18333333333333332
4 0.1046875 0.6 0.209375 0.2
4 0.73359375 0.5302083333333333 0.0421875 0.07708333333333334
4 0.6328125 0.5125 0.0515625 0.07291666666666667
4 0.6671875 0.5322916666666667 0.05625 0.07708333333333334
4 0.5734375 0.5458333333333333 0.109375 0.11875
4 0.62265625 0.5364583333333334 0.0796875 0.13333333333333333
4 0.6984375 0.5322916666666667 0.0453125 0.07916666666666666