2 0.52265625 0.6333333333333333 0.2421875 0.23541666666666666
2 0.390625 0.5979166666666667 0.159375 0.19583333333333333
2 0.2984375 0.5614583333333333 0.10625 0.12708333333333333
2 0.22109375 0.521875 0.1 0.10416666666666667
2 0.171875 0.515625 0.0375 0.08541666666666667
2 0.13671875 0.4895833333333333 0.0265625 0.05625
2 0.2015625 0.7916666666666666 0.403125 0.3875
2 0.71953125 0.528125 0.090625 0.10625
2 0.16171875 0.503125 0.0421875 0.06875
2 0.4453125 0.48854166666666665 0.05 0.04375
2 0.4140625 0.4864583333333333 0.0328125 0.04375
5 0.53046875 0.47708333333333336 0.1046875 0.10833333333333334
5 0.81640625 0.53125 0.1640625 0.14166666666666666