4 0.215625 0.6507592190889371 0.1796875 0.2993492407809111
4 0.79765625 0.7321041214750542 0.4046875 0.5357917570498916
4 0.67734375 0.6052060737527115 0.19375 0.27331887201735355
4 0.6515625 0.5672451193058569 0.1640625 0.23644251626898047
4 0.109375 0.4490238611713666 0.0296875 0.0824295010845987
4 0.13125 0.45336225596529284 0.040625 0.06724511930585683
4 0.540625 0.4837310195227766 0.01875 0.04121475054229935
4 0.59140625 0.5184381778741866 0.03125 0.0737527114967462
4 0.07265625 0.4566160520607375 0.059375 0.07592190889370933
4 0.0296875 0.46746203904555317 0.0375 0.052060737527114966
4 0.58671875 0.5737527114967462 0.0375 0.052060737527114966
4 0.49296875 0.482646420824295 0.0125 0.03036876355748373