4 0.19362745098039216 0.6143790849673203 0.37745098039215685 0.7434640522875817
4 0.31209150326797386 0.34477124183006536 0.2581699346405229 0.34477124183006536
4 0.7401960784313726 0.6617647058823529 0.5196078431372549 0.6486928104575164
4 0.1184640522875817 0.21323529411764705 0.11437908496732026 0.20751633986928106
4 0.39133986928104575 0.14869281045751634 0.10130718954248366 0.1830065359477124
4 0.8709150326797386 0.29820261437908496 0.2581699346405229 0.4673202614379085
4 0.2565359477124183 0.08741830065359477 0.24183006535947713 0.15359477124183007
4 0.630718954248366 0.309640522875817 0.272875816993464 0.31209150326797386
4 0.6503267973856209 0.12254901960784313 0.16339869281045752 0.20588235294117646
4 0.06290849673202614 0.12826797385620914 0.12581699346405228 0.14705882352941177
4 0.7638888888888888 0.16748366013071894 0.184640522875817 0.15359477124183007