2 0.75859375 0.6791569086651054 0.0234375 0.02107728337236534
2 0.86640625 0.6873536299765808 0.040625 0.03278688524590164
2 0.80546875 0.6697892271662763 0.009375 0.0234192037470726
2 0.7875 0.6686182669789227 0.0078125 0.01405152224824356
2 0.8421875 0.6791569086651054 0.01875 0.03044496487119438
2 0.7921875 0.6662763466042154 0.00625 0.00702576112412178
1 0.771875 0.6639344262295082 0.025 0.02576112412177986
1 0.3078125 0.6604215456674473 0.4375 0.2576112412177986
1 0.57421875 0.667447306791569 0.1015625 0.1405152224824356
1 0.64609375 0.667447306791569 0.0609375 0.09836065573770492
1 0.69765625 0.6651053864168618 0.05625 0.06323185011709602
1 0.7328125 0.6662763466042154 0.01875 0.03747072599531616