0 0.246875 0.8180555555555555 0.06875 0.14722222222222223
0 0.3203125 0.7666666666666667 0.0734375 0.12222222222222222
2 0.65859375 0.6 0.1703125 0.20277777777777778
2 0.6765625 0.4777777777777778 0.0890625 0.11666666666666667
2 0.62109375 0.2847222222222222 0.03125 0.03888888888888889
2 0.6125 0.2638888888888889 0.0171875 0.027777777777777776
2 0.60859375 0.2569444444444444 0.021875 0.03333333333333333
2 0.6 0.24583333333333332 0.0140625 0.025
0 0.52109375 0.4388888888888889 0.0484375 0.058333333333333334
0 0.34375 0.7444444444444445 0.0640625 0.125
0 0.53125 0.4166666666666667 0.0359375 0.044444444444444446
2 0.59375 0.23055555555555557 0.015625 0.019444444444444445
5 0.66171875 0.23472222222222222 0.0578125 0.10277777777777777