2 0.7991718426501035 0.8296875 0.09109730848861283 0.121875
2 0.9544513457556936 0.75234375 0.08281573498964803 0.0765625
2 0.7836438923395446 0.46484375 0.033126293995859216 0.03125
2 0.7339544513457557 0.4640625 0.028985507246376812 0.0234375
2 0.4968944099378882 0.73828125 0.08488612836438923 0.084375
2 0.7919254658385093 0.42265625 0.022774327122153208 0.0203125
2 0.9202898550724637 0.39375 0.020703933747412008 0.0140625
2 0.9813664596273292 0.48359375 0.035196687370600416 0.0265625
5 0.7712215320910973 0.61875 0.11180124223602485 0.1125
5 0.8074534161490683 0.35390625 0.018633540372670808 0.034375
2 0.8095238095238095 0.9734375 0.11387163561076605 0.0484375
2 0.7867494824016563 0.44453125 0.035196687370600416 0.0203125
2 0.7204968944099379 0.41796875 0.016563146997929608 0.0234375
2 0.7536231884057971 0.40859375 0.026915113871635612 0.0234375
1 0.9409937888198758 0.634375 0.08902691511387163 0.0921875
2 0.5538302277432712 0.65 0.07246376811594203 0.05625
5 0.7888198757763976 0.33828125 0.016563146997929608 0.0140625