2 0.4984375 0.7176470588235294 0.05625 0.08235294117647059
2 0.20859375 0.8188235294117647 0.1984375 0.1976470588235294
2 0.64375 0.6447058823529411 0.0359375 0.04941176470588235
2 0.40078125 0.7635294117647059 0.084375 0.15058823529411763
2 0.31484375 0.7717647058823529 0.1328125 0.18823529411764706
2 0.6546875 0.6176470588235294 0.028125 0.03058823529411765
2 0.6578125 0.5952941176470589 0.015625 0.011764705882352941
2 0.6671875 0.5870588235294117 0.0125 0.018823529411764704
2 0.4515625 0.7447058823529412 0.0703125 0.12
2 0.35859375 0.668235294117647 0.053125 0.042352941176470586
2 0.478125 0.7329411764705882 0.0328125 0.09411764705882353
5 0.5109375 0.6705882352941176 0.0921875 0.08235294117647059