2 0.384375 0.23387096774193547 0.31875 0.3548387096774194
2 0.1703125 0.0625 0.1234375 0.125
2 0.96484375 0.07661290322580645 0.0703125 0.056451612903225805
2 0.6421875 0.2903225806451613 0.0921875 0.2540322580645161
2 0.83828125 0.05443548387096774 0.1125 0.10483870967741936
2 0.23359375 0.2439516129032258 0.0890625 0.35080645161290325
2 0.4546875 0.08870967741935484 0.103125 0.07258064516129033
2 0.07265625 0.08266129032258064 0.1453125 0.12096774193548387
2 0.64921875 0.10080645161290322 0.090625 0.10483870967741936
2 0.89296875 0.05040322580645161 0.034375 0.10080645161290322
2 0.80625 0.2903225806451613 0.075 0.14112903225806453
2 0.7328125 0.31048387096774194 0.1171875 0.11290322580645161
2 0.809375 0.22580645161290322 0.240625 0.33064516129032256