2 0.4125 0.8688524590163934 0.09375 0.10304449648711944
2 0.52421875 0.8723653395784543 0.0796875 0.0702576112412178
2 0.3265625 0.8805620608899297 0.08125 0.07728337236533958
2 0.234375 0.8266978922716628 0.04375 0.03747072599531616
2 0.5453125 0.8278688524590164 0.05625 0.02810304449648712
5 0.346875 0.7587822014051522 0.0421875 0.03278688524590164
2 0.6265625 0.8501170960187353 0.0828125 0.06791569086651054
2 0.0359375 0.8747072599531616 0.071875 0.07728337236533958
2 0.70390625 0.905152224824356 0.146875 0.10070257611241218
2 0.1890625 0.8126463700234192 0.03125 0.00936768149882904
2 0.1296875 0.8372365339578455 0.0609375 0.02810304449648712
2 0.0875 0.8161592505854801 0.0359375 0.00702576112412178
2 0.128125 0.8243559718969555 0.065625 0.02107728337236534
2 0.778125 0.8208430913348946 0.04375 0.04449648711943794