2 0.8671875 0.45625 0.1875 0.0953125
2 0.7607421875 0.42734375 0.134765625 0.09375
2 0.1796875 0.48984375 0.16796875 0.184375
2 0.595703125 0.42265625 0.076171875 0.0578125
2 0.474609375 0.36875 0.04296875 0.03125
2 0.400390625 0.33828125 0.041015625 0.025
2 0.4267578125 0.334375 0.025390625 0.015625
2 0.443359375 0.34375 0.02734375 0.0171875
2 0.984375 0.4890625 0.025390625 0.0796875
2 0.546875 0.415625 0.037109375 0.040625
2 0.48828125 0.38515625 0.046875 0.025
2 0.4599609375 0.3625 0.0390625 0.028125
2 0.6669921875 0.41796875 0.1015625 0.078125