2 0.91796875 0.788235294117647 0.1234375 0.07764705882352942
2 0.834375 0.7776470588235294 0.0984375 0.08235294117647059
2 0.740625 0.78 0.0671875 0.058823529411764705
2 0.296875 0.7988235294117647 0.065625 0.07058823529411765
2 0.6 0.7741176470588236 0.0453125 0.04941176470588235
2 0.56171875 0.7717647058823529 0.0296875 0.03764705882352941
2 0.52265625 0.7705882352941177 0.0265625 0.03058823529411765
2 0.98515625 0.8058823529411765 0.0296875 0.07529411764705882
2 0.4203125 0.76 0.021875 0.021176470588235293
2 0.44921875 0.7635294117647059 0.021875 0.018823529411764704
2 0.3453125 0.7623529411764706 0.009375 0.011764705882352941
2 0.35546875 0.7635294117647059 0.0140625 0.01411764705882353
2 0.29609375 0.768235294117647 0.0640625 0.04
5 0.63203125 0.7611764705882353 0.0671875 0.07529411764705882