0 0.6734375 0.6590909090909091 0.0234375 0.028708133971291867
0 0.81953125 0.4485645933014354 0.034375 0.03349282296650718
0 0.59375 0.7619617224880383 0.0265625 0.04066985645933014
0 0.575 0.6925837320574163 0.028125 0.04066985645933014
1 0.30078125 0.3456937799043062 0.078125 0.19856459330143542
1 0.8359375 0.2236842105263158 0.115625 0.145933014354067
0 0.66796875 0.7200956937799043 0.0203125 0.03827751196172249
0 0.7515625 0.5263157894736842 0.0234375 0.03827751196172249
0 0.5015625 0.8098086124401914 0.0328125 0.05263157894736842
0 0.35 0.5717703349282297 0.034375 0.04066985645933014
0 0.3203125 0.7093301435406698 0.0140625 0.03827751196172249
0 0.7125 0.6148325358851675 0.0203125 0.045454545454545456
0 0.76328125 0.4318181818181818 0.034375 0.028708133971291867
0 0.3234375 0.618421052631579 0.0046875 0.03110047846889952
0 0.6234375 0.6746411483253588 0.0265625 0.045454545454545456