2 0.08333333333333333 0.43671875 0.03125 0.0171875
2 0.05520833333333333 0.43984375 0.027083333333333334 0.0109375
2 0.10729166666666666 0.4421875 0.035416666666666666 0.0125
2 0.8677083333333333 0.49140625 0.020833333333333332 0.0140625
2 0.91875 0.4921875 0.016666666666666666 0.009375
5 0.20416666666666666 0.4453125 0.04791666666666667 0.025
2 0.9645833333333333 0.49765625 0.01875 0.009375
2 0.9385416666666667 0.49453125 0.020833333333333332 0.0125
2 0.8572916666666667 0.49140625 0.010416666666666666 0.00625
2 0.036458333333333336 0.43828125 0.016666666666666666 0.0109375
2 0.8510416666666667 0.4890625 0.008333333333333333 0.00625