0 0.0609375 0.525 0.090625 0.1
2 0.8078125 0.7270833333333333 0.384375 0.4395833333333333
2 0.47578125 0.4270833333333333 0.078125 0.035416666666666666
2 0.9296875 0.5 0.140625 0.09583333333333334
2 0.178125 0.4354166666666667 0.0875 0.04375
2 0.0453125 0.4510416666666667 0.065625 0.052083333333333336
2 0.02109375 0.43125 0.0421875 0.04791666666666667
2 0.259375 0.42083333333333334 0.0234375 0.04791666666666667
2 0.809375 0.425 0.0625 0.03125
2 0.5640625 0.5739583333333333 0.2734375 0.25416666666666665
2 0.63984375 0.42604166666666665 0.05625 0.03125
2 0.35 0.42916666666666664 0.071875 0.03333333333333333