0 0.261 0.6231454005934718 0.1 0.35014836795252224
0 0.325 0.6439169139465876 0.014 0.16023738872403562
0 0.47 0.5830860534124629 0.088 0.258160237388724
2 0.027 0.4065281899109792 0.054 0.0712166172106825
2 0.589 0.37833827893175076 0.02 0.017804154302670624
4 0.659 0.5445103857566765 0.09 0.2403560830860534
4 0.571 0.5296735905044511 0.052 0.16913946587537093
0 0.345 0.6008902077151336 0.086 0.26112759643916916
0 0.765 0.5964391691394659 0.136 0.34718100890207715
0 0.892 0.4065281899109792 0.014 0.03560830860534125
2 0.438 0.3798219584569733 0.048 0.04154302670623145
4 0.532 0.4970326409495549 0.058 0.1394658753709199
4 0.6 0.4910979228486647 0.016 0.1394658753709199
2 0.521 0.37537091988130566 0.03 0.017804154302670624
4 0.617 0.42729970326409494 0.022 0.04747774480712166