2 0.10703125 0.7031963470319634 0.0984375 0.1004566210045662
2 0.671875 0.7226027397260274 0.1 0.1141552511415525
2 0.9078125 0.9075342465753424 0.1828125 0.16210045662100456
2 0.62421875 0.7168949771689498 0.0390625 0.0958904109589041
2 0.91796875 0.7009132420091324 0.10625 0.1095890410958904
5 0.44296875 0.6358447488584474 0.221875 0.2146118721461187
2 0.6015625 0.6963470319634704 0.05 0.06621004566210045
2 0.9890625 0.7123287671232876 0.021875 0.07534246575342465
2 0.22421875 0.7009132420091324 0.05625 0.06621004566210045
2 0.16640625 0.6952054794520548 0.0625 0.1050228310502283
2 0.81484375 0.702054794520548 0.1 0.1050228310502283
2 0.74765625 0.70662100456621 0.0578125 0.0776255707762557