2 0.39453125 0.31017369727047145 0.1125 0.14640198511166252
2 0.5234375 0.3076923076923077 0.1015625 0.15384615384615385
2 0.05703125 0.3759305210918114 0.0390625 0.1662531017369727
2 0.52734375 0.3573200992555831 0.0609375 0.1513647642679901
5 0.8015625 0.413151364764268 0.3828125 0.6575682382133995
2 0.028125 0.42431761786600497 0.05625 0.20843672456575682
2 0.5984375 0.4292803970223325 0.084375 0.228287841191067
2 0.09140625 0.29652605459057074 0.0953125 0.13399503722084366
2 0.140625 0.2630272952853598 0.0390625 0.12903225806451613
2 0.07734375 0.33126550868486354 0.0765625 0.15384615384615385
5 0.584375 0.34739454094292804 0.1140625 0.19106699751861042
2 0.0265625 0.3535980148883375 0.053125 0.1488833746898263
2 0.05703125 0.34987593052109184 0.084375 0.15384615384615385