2 0.51875 0.4921875 0.06458333333333334 0.0328125
2 0.50625 0.478125 0.04791666666666667 0.028125
2 0.46979166666666666 0.478125 0.025 0.01875
2 0.9114583333333334 0.48671875 0.09166666666666666 0.0390625
2 0.7614583333333333 0.47890625 0.020833333333333332 0.0234375
2 0.6302083333333334 0.47265625 0.025 0.015625
2 0.5895833333333333 0.47265625 0.022916666666666665 0.0078125
2 0.6625 0.4734375 0.03958333333333333 0.0203125
2 0.6895833333333333 0.47421875 0.03333333333333333 0.021875
2 0.8416666666666667 0.48046875 0.07708333333333334 0.0390625
2 0.7302083333333333 0.48125 0.052083333333333336 0.0234375
2 0.7895833333333333 0.478125 0.05 0.034375
2 0.475 0.48203125 0.016666666666666666 0.021875