0 0.634375 0.682648401826484 0.2296875 0.365296803652968
0 0.31875 0.365296803652968 0.0921875 0.13470319634703196
0 0.603125 0.4280821917808219 0.0828125 0.2465753424657534
2 0.88984375 0.3824200913242009 0.215625 0.4383561643835616
2 0.60703125 0.24429223744292236 0.1140625 0.1643835616438356
2 0.42109375 0.2659817351598174 0.1 0.1141552511415525
2 0.47421875 0.22146118721461186 0.0515625 0.0593607305936073
2 0.3875 0.21575342465753425 0.046875 0.05251141552511415
2 0.44140625 0.19748858447488585 0.0140625 0.0136986301369863
2 0.51328125 0.20662100456621005 0.0328125 0.0273972602739726
2 0.365625 0.2100456621004566 0.01875 0.0319634703196347
2 0.490625 0.2009132420091324 0.0140625 0.02054794520547945
5 0.60625 0.23858447488584475 0.1125 0.1643835616438356
0 0.7203125 0.2271689497716895 0.021875 0.0410958904109589
2 0.3609375 0.1952054794520548 0.0109375 0.01598173515981735
2 0.45390625 0.19748858447488585 0.0171875 0.02054794520547945