4 0.39609375 0.5614583333333333 0.0078125 0.014583333333333334
1 0.61015625 0.6864583333333333 0.0578125 0.075
1 0.203125 0.40208333333333335 0.059375 0.06458333333333334
4 0.365625 0.5802083333333333 0.00625 0.0125
1 0.31171875 0.196875 0.034375 0.035416666666666666
2 0.69453125 0.9114583333333334 0.0265625 0.04375
2 0.83515625 0.6208333333333333 0.046875 0.027083333333333334
1 0.625 0.6333333333333333 0.0546875 0.07708333333333334
2 0.7078125 0.8114583333333333 0.028125 0.035416666666666666
2 0.6859375 0.753125 0.0265625 0.03125
2 0.6703125 0.7125 0.0265625 0.0375
2 0.68671875 0.684375 0.021875 0.03125
2 0.65546875 0.85 0.0234375 0.03125
2 0.65546875 0.8885416666666667 0.03125 0.035416666666666666
2 0.503125 0.5 0.0234375 0.025
2 0.5171875 0.5145833333333333 0.025 0.03125
2 0.5453125 0.49895833333333334 0.0234375 0.03125
2 0.5625 0.5166666666666667 0.021875 0.027083333333333334
4 0.6765625 0.7927083333333333 0.009375 0.020833333333333332
4 0.7890625 0.9166666666666666 0.0125 0.020833333333333332
4 0.6828125 0.8270833333333333 0.0109375 0.020833333333333332
4 0.87734375 0.7041666666666667 0.0109375 0.022916666666666665
4 0.64921875 0.7270833333333333 0.015625 0.025
4 0.703125 0.675 0.009375 0.016666666666666666
4 0.1453125 0.190625 0.00625 0.0125
4 0.28359375 0.19479166666666667 0.003125 0.00625
4 0.35 0.11875 0.00625 0.014583333333333334
1 0.5453125 0.5822916666666667 0.040625 0.06875
5 0.45 0.6520833333333333 0.0265625 0.029166666666666667
2 0.69921875 0.784375 0.0296875 0.035416666666666666