2 0.24583333333333332 0.784375 0.041666666666666664 0.0375
2 0.37083333333333335 0.790625 0.13958333333333334 0.053125
4 0.90625 0.79609375 0.05 0.0625
1 0.13958333333333334 0.76796875 0.14583333333333334 0.10625
0 0.6104166666666667 0.8375 0.11875 0.0484375
0 0.7447916666666666 0.871875 0.17916666666666667 0.059375
2 0.6458333333333334 0.7359375 0.05416666666666667 0.0203125
1 0.86875 0.7265625 0.16458333333333333 0.09375
0 0.46041666666666664 0.85234375 0.025 0.040625
0 0.44166666666666665 0.84765625 0.05 0.053125
0 0.425 0.82109375 0.06666666666666667 0.040625
0 0.3489583333333333 0.81953125 0.0625 0.0484375
0 0.18958333333333333 0.86796875 0.05 0.071875
0 0.39479166666666665 0.81953125 0.05416666666666667 0.0484375
0 0.440625 0.83046875 0.03125 0.0203125
2 0.5520833333333334 0.7734375 0.05 0.04375
5 0.31979166666666664 0.7609375 0.11041666666666666 0.0453125
2 0.2833333333333333 0.7953125 0.058333333333333334 0.0359375