0 0.27578125 0.49411764705882355 0.3890625 0.7482352941176471
0 0.5609375 0.8552941176470589 0.8390625 0.28705882352941176
0 0.403125 0.4047058823529412 0.80625 0.8094117647058824
0 0.1328125 0.28705882352941176 0.259375 0.5694117647058824
2 0.87421875 0.5776470588235294 0.0671875 0.10823529411764705
2 0.7265625 0.6047058823529412 0.05625 0.06352941176470588
2 0.69296875 0.6011764705882353 0.028125 0.047058823529411764
2 0.7765625 0.5729411764705883 0.028125 0.05411764705882353
2 0.809375 0.5882352941176471 0.0234375 0.06352941176470588
2 0.79296875 0.5882352941176471 0.0265625 0.058823529411764705
0 0.11328125 0.47294117647058825 0.2234375 0.34352941176470586
2 0.58671875 0.6329411764705882 0.1296875 0.13176470588235295
2 0.93515625 0.5764705882352941 0.075 0.12941176470588237
2 0.6328125 0.6270588235294118 0.0484375 0.1011764705882353
2 0.63125 0.5988235294117648 0.059375 0.09176470588235294
2 0.828125 0.5894117647058823 0.0328125 0.08