2 0.10078125 0.29859484777517564 0.00625 0.0117096018735363
2 0.05234375 0.30679156908665106 0.0125 0.01639344262295082
2 0.02109375 0.3126463700234192 0.015625 0.00936768149882904
5 0.16796875 0.6779859484777517 0.1265625 0.07962529274004684
5 0.49609375 0.26697892271662765 0.03125 0.02576112412177986
5 0.08203125 0.3009367681498829 0.015625 0.01873536299765808
5 0.1015625 0.2962529274004684 0.03125 0.02576112412177986
5 0.3640625 0.26229508196721313 0.0265625 0.02107728337236534
2 0.03828125 0.30679156908665106 0.015625 0.01405152224824356
2 0.08046875 0.2997658079625293 0.0140625 0.01873536299765808
2 0.09296875 0.2997658079625293 0.0125 0.01405152224824356
5 0.11796875 0.28805620608899296 0.0265625 0.01639344262295082
5 0.05234375 0.30210772833723654 0.0140625 0.0234192037470726