2 0.96328125 0.47075208913649025 0.0265625 0.03064066852367688
2 0.484375 0.4401114206128134 0.015625 0.022284122562674095
2 0.6765625 0.4568245125348189 0.040625 0.022284122562674095
2 0.4125 0.4401114206128134 0.034375 0.022284122562674095
2 0.3359375 0.43175487465181056 0.0171875 0.019498607242339833
5 0.57265625 0.44707520891364905 0.0328125 0.03064066852367688
2 0.93671875 0.46657381615598886 0.034375 0.033426183844011144
2 0.49921875 0.44428969359331477 0.034375 0.019498607242339833
2 0.2296875 0.4233983286908078 0.025 0.019498607242339833
2 0.1359375 0.4206128133704735 0.0171875 0.03064066852367688
2 0.2 0.4206128133704735 0.0234375 0.022284122562674095
2 0.36015625 0.43175487465181056 0.009375 0.016713091922005572
5 0.93984375 0.467966573816156 0.040625 0.036211699164345405
2 0.12109375 0.41643454038997213 0.025 0.022284122562674095