4 0.52890625 0.640625 0.60625 0.575
4 0.90546875 0.61875 0.1890625 0.45416666666666666
4 0.67109375 0.378125 0.203125 0.11666666666666667
4 0.43203125 0.4822916666666667 0.1515625 0.21458333333333332
4 0.25703125 0.54375 0.228125 0.40208333333333335
4 0.128125 0.4791666666666667 0.25625 0.4125
4 0.37734375 0.43333333333333335 0.090625 0.19166666666666668
4 0.6828125 0.49583333333333335 0.0796875 0.18125
4 0.5015625 0.43645833333333334 0.071875 0.10208333333333333
4 0.90625 0.39479166666666665 0.1484375 0.15208333333333332
4 0.83125 0.45416666666666666 0.3375 0.42916666666666664