2 0.3875 0.6131578947368421 0.090625 0.10526315789473684
2 0.01171875 0.49605263157894736 0.0234375 0.03684210526315789
2 0.62421875 0.625 0.071875 0.08421052631578947
2 0.146875 0.5921052631578947 0.11875 0.07631578947368421
2 0.11171875 0.5592105263157895 0.0296875 0.02894736842105263
2 0.77734375 0.6592105263157895 0.2296875 0.2394736842105263
2 0.65234375 0.6328947368421053 0.046875 0.1
2 0.3578125 0.5907894736842105 0.078125 0.08157894736842106
2 0.059375 0.48947368421052634 0.009375 0.015789473684210527
2 0.20703125 0.5907894736842105 0.0296875 0.060526315789473685
2 0.49375 0.6092105263157894 0.1359375 0.15789473684210525