2 0.1203125 0.21662763466042154 0.2375 0.16627634660421545
2 0.503125 0.1920374707259953 0.2 0.10304449648711944
2 0.21171875 0.11007025761124122 0.1625 0.09836065573770492
2 0.909375 0.06908665105386416 0.0890625 0.06323185011709602
2 0.690625 0.08548009367681499 0.109375 0.08430913348946135
5 0.5515625 0.07962529274004684 0.1734375 0.1288056206088993
5 0.21015625 0.11124121779859485 0.165625 0.09601873536299765
2 0.6890625 0.19789227166276346 0.140625 0.06791569086651054
2 0.87109375 0.1721311475409836 0.1703125 0.11943793911007025
2 0.046875 0.03044496487119438 0.0921875 0.0585480093676815
2 0.31015625 0.03395784543325527 0.1296875 0.06791569086651054
4 0.57265625 0.6053864168618267 0.1578125 0.21779859484777517
2 0.73515625 0.148711943793911 0.1359375 0.10070257611241218
4 0.8671875 0.2716627634660422 0.0828125 0.10304449648711944
4 0.3203125 0.5960187353629977 0.134375 0.20140515222482436
4 0.39296875 0.5011709601873536 0.075 0.1990632318501171
4 0.103125 0.5761124121779859 0.0984375 0.17798594847775176
4 0.20390625 0.4648711943793911 0.0984375 0.19672131147540983
4 0.0796875 0.4028103044496487 0.109375 0.17096018735362997
4 0.259375 0.38875878220140514 0.0671875 0.1405152224824356
4 0.353125 0.36885245901639346 0.0875 0.1451990632318501
4 0.84609375 0.7845433255269321 0.234375 0.26229508196721313
4 0.8140625 0.9695550351288056 0.11875 0.06088992974238876
4 0.98125 0.9508196721311475 0.0375 0.09601873536299765
5 0.8703125 0.1592505854800937 0.1671875 0.1053864168618267
2 0.271875 0.01873536299765808 0.109375 0.03747072599531616
2 0.41484375 0.02459016393442623 0.0859375 0.04918032786885246
4 0.46640625 0.3618266978922717 0.0828125 0.11007025761124122
5 0.73984375 0.14988290398126464 0.1453125 0.09836065573770492