0 0.9519906323185011 0.390625 0.09601873536299765 0.09375
0 0.6088992974238876 0.39296875 0.1405152224824356 0.1109375
0 0.7775175644028103 0.3984375 0.07259953161592506 0.0890625
0 0.6838407494145199 0.39453125 0.06323185011709602 0.1109375
0 0.2611241217798595 0.3921875 0.15690866510538642 0.1078125
0 0.18032786885245902 0.4 0.08430913348946135 0.103125
0 0.7318501170960188 0.39609375 0.06088992974238876 0.0984375
0 0.7716627634660421 0.3875 0.1405152224824356 0.1109375
0 0.3372365339578454 0.37421875 0.06791569086651054 0.078125
0 0.03864168618266979 0.359375 0.053864168618266976 0.0640625
0 0.8477751756440282 0.40859375 0.05152224824355972 0.0703125