2 0.35546875 0.581986143187067 0.153125 0.10392609699769054
2 0.56171875 0.6547344110854504 0.18125 0.23325635103926096
2 0.30546875 0.569284064665127 0.0984375 0.11085450346420324
2 0.7546875 0.7159353348729792 0.490625 0.3117782909930716
2 0.93046875 0.5773672055427251 0.1390625 0.10161662817551963
2 0.9578125 0.5381062355658198 0.084375 0.06928406466512702
2 0.91015625 0.5138568129330254 0.078125 0.03464203233256351
2 0.378125 0.6189376443418014 0.128125 0.15704387990762125
2 0.9703125 0.9018475750577367 0.059375 0.19630484988452657
2 0.6015625 0.5184757505773672 0.0859375 0.057736720554272515
2 0.16796875 0.5254041570438799 0.0328125 0.03464203233256351
2 0.40546875 0.6593533487297921 0.025 0.07852193995381063