2 0.7546875 0.3864168618266979 0.1 0.08196721311475409
2 0.82890625 0.3583138173302108 0.071875 0.04215456674473068
2 0.97890625 0.4028103044496487 0.0421875 0.06088992974238876
2 0.315625 0.3665105386416862 0.05625 0.05152224824355972
2 0.26875 0.3594847775175644 0.0453125 0.04918032786885246
5 0.3875 0.36416861826697894 0.0921875 0.0702576112412178
2 0.82734375 0.40046838407494145 0.0609375 0.053864168618266976
2 0.91640625 0.3594847775175644 0.0765625 0.0468384074941452
2 0.696875 0.39227166276346603 0.0390625 0.0585480093676815
2 0.91953125 0.40046838407494145 0.075 0.07259953161592506
2 0.69609375 0.351288056206089 0.0359375 0.0234192037470726
2 0.4515625 0.373536299765808 0.0421875 0.053864168618266976
2 0.55390625 0.3442622950819672 0.046875 0.0234192037470726