0 0.234375 0.8604166666666667 0.0796875 0.10416666666666667
2 0.65234375 0.7333333333333333 0.1953125 0.15
2 0.5296875 0.6989583333333333 0.1171875 0.09583333333333334
2 0.37265625 0.6802083333333333 0.065625 0.06458333333333334
2 0.43828125 0.6864583333333333 0.0859375 0.07083333333333333
4 0.3203125 0.6885416666666667 0.015625 0.03333333333333333
1 0.715625 0.60625 0.1765625 0.058333333333333334
0 0.11640625 0.8135416666666667 0.0375 0.08125
0 0.2953125 0.8197916666666667 0.0609375 0.17708333333333334
2 0.30234375 0.634375 0.075 0.027083333333333334
2 0.63515625 0.6604166666666667 0.103125 0.041666666666666664
2 0.48203125 0.6666666666666666 0.0296875 0.03333333333333333
2 0.24765625 0.5854166666666667 0.015625 0.014583333333333334
0 0.0875 0.8083333333333333 0.0375 0.075
0 0.08125 0.7635416666666667 0.028125 0.052083333333333336
2 0.365625 0.6114583333333333 0.015625 0.020833333333333332
2 0.36015625 0.609375 0.0171875 0.027083333333333334
5 0.87421875 0.6875 0.2421875 0.17708333333333334
0 0.24296875 0.775 0.04375 0.07083333333333333