2 0.75859375 0.23302107728337237 0.1140625 0.06088992974238876
2 0.540625 0.23302107728337237 0.040625 0.053864168618266976
4 0.19609375 0.43208430913348944 0.26875 0.3325526932084309
4 0.08515625 0.405152224824356 0.1484375 0.30679156908665106
4 0.96171875 0.7833723653395784 0.0765625 0.25526932084309134
2 0.6046875 0.23770491803278687 0.040625 0.04215456674473068
4 0.48203125 0.5644028103044496 0.64375 0.7259953161592506
5 0.15390625 0.25995316159250587 0.2171875 0.13817330210772832
2 0.9078125 0.21779859484777517 0.0703125 0.0468384074941452
4 0.0390625 0.4180327868852459 0.075 0.1686182669789227
2 0.7 0.22950819672131148 0.028125 0.03044496487119438