2 0.553125 0.515625 0.0890625 0.10833333333333334
2 0.2921875 0.6645833333333333 0.1765625 0.225
2 0.38125 0.5708333333333333 0.0859375 0.09166666666666666
2 0.53984375 0.47291666666666665 0.0546875 0.052083333333333336
2 0.8484375 0.6385416666666667 0.1453125 0.15833333333333333
2 0.7578125 0.5625 0.103125 0.12083333333333333
2 0.4328125 0.49375 0.0796875 0.07708333333333334
2 0.70546875 0.5510416666666667 0.053125 0.08958333333333333
2 0.78828125 0.5989583333333334 0.10625 0.12916666666666668
2 0.35 0.6270833333333333 0.084375 0.15416666666666667
2 0.38046875 0.6104166666666667 0.0546875 0.12083333333333333
2 0.646875 0.48020833333333335 0.0578125 0.07291666666666667
2 0.37109375 0.58125 0.0890625 0.09375
5 0.64765625 0.4791666666666667 0.0578125 0.06458333333333334
5 0.465625 0.45625 0.040625 0.05