2 0.63125 0.4706572769953052 0.078125 0.06103286384976526
2 0.57890625 0.4647887323943662 0.0453125 0.05868544600938967
0 0.77421875 0.5434272300469484 0.0671875 0.1596244131455399
0 0.5140625 0.5082159624413145 0.0390625 0.09389671361502347
0 0.4609375 0.5082159624413145 0.034375 0.09154929577464789
0 0.3671875 0.5 0.0140625 0.05868544600938967
0 0.3578125 0.49413145539906106 0.025 0.07746478873239436
0 0.3140625 0.4894366197183099 0.0265625 0.07042253521126761
0 0.29296875 0.4847417840375587 0.0171875 0.06572769953051644
0 0.2703125 0.4812206572769953 0.0171875 0.06103286384976526
0 0.25546875 0.47769953051643194 0.015625 0.051643192488262914
2 0.9484375 0.4812206572769953 0.0390625 0.025821596244131457
2 0.678125 0.4507042253521127 0.071875 0.04460093896713615
2 0.9484375 0.47417840375586856 0.0328125 0.025821596244131457
0 0.19453125 0.4800469483568075 0.01875 0.056338028169014086
0 0.209375 0.48708920187793425 0.0109375 0.03051643192488263
0 0.15859375 0.46830985915492956 0.015625 0.03990610328638498
0 0.3890625 0.5 0.0265625 0.0892018779342723