1 0.1578125 0.5387029288702929 0.125 0.16527196652719664
1 0.39765625 0.7071129707112971 0.084375 0.21548117154811716
2 0.65703125 0.35355648535564854 0.0609375 0.05439330543933055
5 0.65390625 0.6234309623430963 0.4796875 0.5962343096234309
2 0.94140625 0.3891213389121339 0.1171875 0.12133891213389121
2 0.8828125 0.4602510460251046 0.0796875 0.08577405857740586
2 0.9640625 0.5732217573221757 0.071875 0.06276150627615062
2 0.0296875 0.38702928870292885 0.059375 0.04184100418410042
2 0.7171875 0.348326359832636 0.0609375 0.01882845188284519
2 0.834375 0.3493723849372385 0.0734375 0.05230125523012552
2 0.98203125 0.6108786610878661 0.0359375 0.03138075313807531
2 0.753125 0.38598326359832635 0.1765625 0.060669456066945605
2 0.6203125 0.3305439330543933 0.103125 0.03347280334728033
2 0.853125 0.39435146443514646 0.059375 0.04811715481171548