2 0.7453125 0.734375 0.0296875 0.025
2 0.628125 0.6729166666666667 0.028125 0.029166666666666667
2 0.64296875 0.621875 0.0265625 0.022916666666666665
2 0.31796875 0.4354166666666667 0.0078125 0.016666666666666666
5 0.81171875 0.80625 0.0421875 0.03333333333333333
5 0.37734375 0.42291666666666666 0.0234375 0.029166666666666667
2 0.5703125 0.5614583333333333 0.0203125 0.020833333333333332
5 0.4 0.496875 0.01875 0.027083333333333334
5 0.30546875 0.35104166666666664 0.0078125 0.022916666666666665
5 0.303125 0.3145833333333333 0.0140625 0.01875
5 0.31484375 0.37395833333333334 0.0125 0.014583333333333334
2 0.296875 0.346875 0.003125 0.00625
2 0.26953125 0.340625 0.00625 0.00625
2 0.28203125 0.33541666666666664 0.00625 0.00625