2 0.746875 0.625 0.50625 0.724609375
2 0.359375 0.603515625 0.0875 0.083984375
2 0.45234375 0.5546875 0.0546875 0.0625
2 0.403125 0.5341796875 0.046875 0.04296875
2 0.275 0.5556640625 0.0328125 0.02734375
2 0.3015625 0.541015625 0.05 0.04296875
2 0.496875 0.537109375 0.0453125 0.046875
2 0.0171875 0.6162109375 0.034375 0.111328125
2 0.20078125 0.5986328125 0.1546875 0.12890625
2 0.6046875 0.4609375 0.153125 0.279296875
2 0.03515625 0.611328125 0.059375 0.107421875
2 0.309375 0.5908203125 0.0390625 0.0546875
5 0.07578125 0.5966796875 0.1375 0.142578125