0 0.855 0.888 0.02 0.05333333333333334
2 0.743 0.856 0.056 0.050666666666666665
2 0.707 0.8533333333333334 0.022 0.04
0 0.815 0.8906666666666667 0.022 0.042666666666666665
2 0.614 0.8613333333333333 0.044 0.05333333333333334
2 0.963 0.888 0.072 0.112
2 0.775 0.8506666666666667 0.026 0.034666666666666665
2 0.525 0.8693333333333333 0.028 0.07466666666666667
2 0.137 0.8786666666666667 0.02 0.050666666666666665
2 0.66 0.8493333333333334 0.044 0.050666666666666665
5 0.662 0.8493333333333334 0.044 0.05333333333333334
5 0.944 0.8026666666666666 0.112 0.12266666666666666
5 0.038 0.912 0.074 0.176
5 0.106 0.8613333333333333 0.082 0.050666666666666665
5 0.961 0.8906666666666667 0.078 0.11733333333333333
5 0.613 0.86 0.046 0.050666666666666665
2 0.033 0.9093333333333333 0.066 0.17866666666666667
0 0.881 0.8853333333333333 0.016 0.04533333333333334
2 0.095 0.856 0.028 0.04