2 0.809 0.6310240963855421 0.066 0.03614457831325301
2 0.879 0.625 0.022 0.03313253012048193
2 0.415 0.6370481927710844 0.052 0.018072289156626505
2 0.478 0.6385542168674698 0.764 0.0572289156626506
2 0.525 0.6370481927710844 0.074 0.03313253012048193
2 0.634 0.6310240963855421 0.058 0.02108433734939759
2 0.715 0.6370481927710844 0.042 0.030120481927710843
2 0.676 0.6310240963855421 0.04 0.02108433734939759
2 0.461 0.6325301204819277 0.046 0.024096385542168676
2 0.729 0.6265060240963856 0.028 0.024096385542168676
2 0.046 0.6445783132530121 0.062 0.030120481927710843
1 0.428 0.6265060240963856 0.09 0.02710843373493976
2 0.993 0.6325301204819277 0.014 0.02710843373493976
5 0.796 0.6144578313253012 0.024 0.024096385542168676