1 0.121875 0.7052083333333333 0.1828125 0.125
2 0.53046875 0.6552083333333333 0.0703125 0.06666666666666667
2 0.91171875 0.7125 0.05 0.06666666666666667
2 0.36171875 0.6291666666666667 0.071875 0.058333333333333334
2 0.82421875 0.703125 0.0609375 0.06666666666666667
2 0.71640625 0.6739583333333333 0.0765625 0.0875
2 0.634375 0.6760416666666667 0.0796875 0.0625
2 0.14453125 0.5927083333333333 0.078125 0.06875
2 0.28828125 0.61875 0.0796875 0.05625
2 0.41015625 0.6010416666666667 0.0640625 0.058333333333333334
1 0.246875 0.21458333333333332 0.071875 0.025
2 0.0921875 0.540625 0.065625 0.03125
2 0.2734375 0.571875 0.075 0.058333333333333334
5 0.2 0.6041666666666666 0.090625 0.06666666666666667
5 0.75859375 0.5416666666666666 0.0484375 0.05625
5 0.3140625 0.4395833333333333 0.05 0.03125
5 0.834375 0.49166666666666664 0.0375 0.04583333333333333
5 0.4515625 0.6427083333333333 0.0859375 0.075