1 0.475 0.6229508196721312 0.11875 0.3114754098360656
2 0.35546875 0.5480093676814989 0.0640625 0.11007025761124122
2 0.88828125 0.8805620608899297 0.1796875 0.1920374707259953
2 0.3140625 0.45784543325526933 0.05625 0.07962529274004684
2 0.66484375 0.5058548009367682 0.0640625 0.07494145199063232
2 0.71328125 0.5737704918032787 0.0890625 0.1053864168618267
2 0.55859375 0.36768149882903983 0.071875 0.04215456674473068
2 0.37265625 0.351288056206089 0.025 0.03278688524590164
2 0.37890625 0.3395784543325527 0.0234375 0.0351288056206089
2 0.61875 0.4414519906323185 0.040625 0.04449648711943794
2 0.6328125 0.4672131147540984 0.0515625 0.06088992974238876
2 0.553125 0.3360655737704918 0.025 0.02107728337236534
5 0.175 0.7096018735362998 0.1453125 0.24824355971896955
5 0.79296875 0.6838407494145199 0.1359375 0.17330210772833723
5 0.69453125 0.36885245901639346 0.0390625 0.06557377049180328
2 0.54140625 0.33021077283372363 0.01875 0.0234192037470726