2 0.35625 0.48009367681498827 0.1015625 0.13348946135831383
0 0.2359375 0.6428571428571429 0.3703125 0.3185011709601874
0 0.76953125 0.6756440281030445 0.4390625 0.3981264637002342
0 0.5140625 0.5866510538641686 0.04375 0.1756440281030445
0 0.58046875 0.5538641686182669 0.0921875 0.15456674473067916
0 0.38828125 0.5105386416861827 0.0640625 0.09601873536299765
0 0.46171875 0.5573770491803278 0.0296875 0.06088992974238876
0 0.36171875 0.5234192037470726 0.0375 0.07259953161592506
0 0.45859375 0.5351288056206089 0.04375 0.09601873536299765
0 0.40234375 0.5304449648711944 0.021875 0.06323185011709602
0 0.47421875 0.544496487119438 0.01875 0.08665105386416862
0 0.4125 0.5351288056206089 0.0234375 0.0702576112412178
0 0.4453125 0.5257611241217799 0.0453125 0.10070257611241218
2 0.0734375 0.46604215456674475 0.0171875 0.0234192037470726
2 0.10703125 0.46604215456674475 0.0203125 0.01873536299765808