2 0.94609375 0.538647342995169 0.1078125 0.0748792270531401
2 0.55234375 0.5410628019323671 0.1265625 0.0821256038647343
2 0.1921875 0.5422705314009661 0.109375 0.07004830917874397
2 0.24296875 0.4855072463768116 0.065625 0.05314009661835749
2 0.75625 0.5096618357487923 0.1703125 0.06280193236714976
2 0.1546875 0.49516908212560384 0.034375 0.036231884057971016
2 0.28359375 0.533816425120773 0.0453125 0.06763285024154589
2 0.2234375 0.4673913043478261 0.090625 0.06038647342995169
2 0.55390625 0.46980676328502413 0.065625 0.024154589371980676
5 0.58828125 0.4528985507246377 0.059375 0.04589371980676329
2 0.609375 0.46980676328502413 0.0390625 0.06038647342995169
1 0.7125 0.4504830917874396 0.078125 0.05314009661835749
5 0.96328125 0.5652173913043478 0.0734375 0.07971014492753623
5 0.75234375 0.5374396135265701 0.16875 0.10869565217391304