5 0.626 0.8093333333333333 0.04 0.04533333333333334
2 0.092 0.9653333333333334 0.184 0.06933333333333333
2 0.096 0.912 0.168 0.13866666666666666
2 0.375 0.836 0.052 0.064
2 0.285 0.8346666666666667 0.048 0.048
2 0.31 0.8173333333333334 0.03 0.037333333333333336
2 0.332 0.8066666666666666 0.026 0.032
2 0.425 0.8053333333333333 0.032 0.029333333333333333
2 0.915 0.9213333333333333 0.17 0.15733333333333333
2 0.455 0.7813333333333333 0.016 0.016
2 0.555 0.808 0.03 0.037333333333333336
2 0.87 0.8266666666666667 0.044 0.04
4 0.808 0.8573333333333333 0.016 0.04
5 0.703 0.8493333333333334 0.08 0.10133333333333333