0 0.675 0.83828125 0.1 0.115625
0 0.9604166666666667 0.8765625 0.0625 0.0921875
2 0.8447916666666667 0.76484375 0.1125 0.046875
2 0.7145833333333333 0.7671875 0.07083333333333333 0.0484375
2 0.575 0.74921875 0.04375 0.025
0 0.5447916666666667 0.78125 0.027083333333333334 0.053125
0 0.6177083333333333 0.81484375 0.05 0.075
0 0.16145833333333334 0.80859375 0.08125 0.0578125
2 0.55 0.7390625 0.04375 0.0234375
2 0.49270833333333336 0.7421875 0.014583333333333334 0.021875
5 0.740625 0.72890625 0.17291666666666666 0.1015625
5 0.6291666666666667 0.72265625 0.052083333333333336 0.04375