2 0.27734375 0.303125 0.171875 0.09375
2 0.42890625 0.28020833333333334 0.1109375 0.07708333333333334
2 0.48984375 0.25729166666666664 0.0390625 0.0375
2 0.5984375 0.2625 0.040625 0.035416666666666666
2 0.6390625 0.2552083333333333 0.034375 0.03333333333333333
2 0.153125 0.30833333333333335 0.0359375 0.06458333333333334
2 0.7390625 0.22916666666666666 0.0171875 0.020833333333333332
2 0.890625 0.22083333333333333 0.0359375 0.029166666666666667
2 0.21328125 0.3020833333333333 0.0921875 0.08125
2 0.37421875 0.2833333333333333 0.034375 0.04791666666666667
2 0.07890625 0.315625 0.1578125 0.11041666666666666
2 0.5625 0.25416666666666665 0.046875 0.020833333333333332