0 0.14453125 0.9634146341463414 0.109375 0.07317073170731707
1 0.5375 0.6804878048780488 0.2828125 0.2682926829268293
2 0.16484375 0.8158536585365853 0.1953125 0.15365853658536585
2 0.18515625 0.676829268292683 0.1484375 0.1
2 0.2546875 0.6560975609756098 0.103125 0.08780487804878048
2 0.34609375 0.6463414634146342 0.128125 0.0951219512195122
2 0.021875 0.7719512195121951 0.04375 0.09024390243902439
2 0.90078125 0.6731707317073171 0.08125 0.10975609756097561
2 0.665625 0.5548780487804879 0.071875 0.05853658536585366
2 0.76640625 0.6048780487804878 0.0984375 0.09268292682926829
2 0.39296875 0.6 0.0359375 0.03902439024390244
1 0.14140625 0.5951219512195122 0.23125 0.14390243902439023
1 0.26484375 0.4792682926829268 0.171875 0.04390243902439024
2 0.790625 0.7609756097560976 0.1546875 0.1878048780487805