2 0.46796875 0.846875 0.1015625 0.11458333333333333
2 0.76875 0.815625 0.0359375 0.0375
2 0.87421875 0.8270833333333333 0.04375 0.041666666666666664
2 0.97109375 0.8364583333333333 0.0578125 0.0625
2 0.10859375 0.8145833333333333 0.0453125 0.03333333333333333
2 0.15625 0.8083333333333333 0.05625 0.04583333333333333
2 0.37734375 0.80625 0.028125 0.035416666666666666
2 0.22734375 0.8125 0.034375 0.04791666666666667
2 0.40546875 0.8072916666666666 0.028125 0.03333333333333333
2 0.67734375 0.8010416666666667 0.0296875 0.022916666666666665
2 0.03203125 0.8020833333333334 0.025 0.01875
2 0.28046875 0.8760416666666667 0.18125 0.17291666666666666