2 0.140625 0.6520833333333333 0.0859375 0.03958333333333333
2 0.2578125 0.6510416666666666 0.078125 0.035416666666666666
2 0.59296875 0.665625 0.0203125 0.052083333333333336
2 0.403125 0.66875 0.0578125 0.05625
2 0.62890625 0.6635416666666667 0.053125 0.06041666666666667
2 0.54921875 0.6489583333333333 0.0171875 0.03333333333333333
2 0.43203125 0.6604166666666667 0.0328125 0.04375
2 0.45703125 0.6510416666666666 0.025 0.029166666666666667
2 0.5046875 0.6520833333333333 0.0265625 0.029166666666666667
2 0.57265625 0.6489583333333333 0.0421875 0.05
2 0.58125 0.6604166666666667 0.025 0.04375
2 0.471875 0.6447916666666667 0.0109375 0.010416666666666666
2 0.44609375 0.6552083333333333 0.0171875 0.03333333333333333