1 0.0671875 0.784375 0.084375 0.12083333333333333
1 0.1296875 0.771875 0.0890625 0.15208333333333332
1 0.46875 0.7760416666666666 0.05 0.11875
1 0.29296875 0.7875 0.059375 0.1125
1 0.509375 0.6927083333333334 0.040625 0.10625
1 0.4109375 0.7625 0.05 0.15833333333333333
1 0.5796875 0.7614583333333333 0.0640625 0.12708333333333333
1 0.690625 0.7479166666666667 0.090625 0.1375
1 0.65625 0.6708333333333333 0.0546875 0.07708333333333334
1 0.603125 0.6708333333333333 0.059375 0.11041666666666666
1 0.5578125 0.684375 0.0546875 0.11041666666666666
1 0.46328125 0.6854166666666667 0.0359375 0.06458333333333334
1 0.415625 0.6697916666666667 0.03125 0.05