2 0.771875 0.5739583333333333 0.021875 0.014583333333333334
2 0.7546875 0.5697916666666667 0.0203125 0.0125
2 0.7875 0.5739583333333333 0.025 0.014583333333333334
2 0.7875 0.5864583333333333 0.0296875 0.020833333333333332
2 0.81875 0.58125 0.021875 0.016666666666666666
2 0.84296875 0.565625 0.0140625 0.0125
2 0.52578125 0.5270833333333333 0.015625 0.014583333333333334
2 0.53515625 0.528125 0.015625 0.0125
2 0.11171875 0.9333333333333333 0.0546875 0.0375
2 0.09453125 0.925 0.0515625 0.041666666666666664
2 0.07109375 0.8979166666666667 0.059375 0.03958333333333333
2 0.059375 0.8791666666666667 0.059375 0.041666666666666664
1 0.1390625 0.41770833333333335 0.03125 0.01875
2 0.8765625 0.5239583333333333 0.015625 0.014583333333333334