2 0.37890625 0.24882075471698112 0.05 0.04716981132075472
2 0.36796875 0.12382075471698113 0.0421875 0.03773584905660377
2 0.34296875 0.11084905660377359 0.03125 0.04009433962264151
2 0.31171875 0.09080188679245282 0.0390625 0.03773584905660377
2 0.2375 0.04363207547169811 0.0375 0.03773584905660377
2 0.4734375 0.2759433962264151 0.040625 0.05188679245283019
2 0.4296875 0.29127358490566035 0.0390625 0.04716981132075472
2 0.49921875 0.25471698113207547 0.0390625 0.04716981132075472
2 0.2140625 0.031839622641509434 0.0328125 0.03537735849056604
2 0.425 0.24056603773584906 0.0484375 0.054245283018867926
2 0.3375 0.21462264150943397 0.0421875 0.04716981132075472
2 0.70703125 0.6179245283018868 0.06875 0.07311320754716981
0 0.484375 0.8066037735849056 0.03125 0.03773584905660377
2 0.74296875 0.7405660377358491 0.0609375 0.07547169811320754