2 0.3828125 0.7520833333333333 0.7109375 0.3729166666666667
2 0.59921875 0.69375 0.4328125 0.25
2 0.19921875 0.540625 0.1546875 0.04583333333333333
2 0.26640625 0.5395833333333333 0.0765625 0.05
2 0.325 0.5458333333333333 0.1234375 0.04791666666666667
2 0.73359375 0.6677083333333333 0.265625 0.2
2 0.59609375 0.5458333333333333 0.05 0.04791666666666667
2 0.01640625 0.61875 0.0328125 0.08333333333333333
2 0.740625 0.6229166666666667 0.2359375 0.1125
2 0.79765625 0.58125 0.1390625 0.06458333333333334
2 0.83828125 0.5458333333333333 0.0578125 0.0375
2 0.0828125 0.5854166666666667 0.165625 0.09791666666666667
2 0.1765625 0.55 0.1046875 0.03125
5 0.1234375 0.5135416666666667 0.128125 0.04791666666666667