2 0.38359375 0.5586854460093896 0.0859375 0.0539906103286385
2 0.4828125 0.5645539906103286 0.078125 0.046948356807511735
2 0.65 0.5586854460093896 0.0890625 0.056338028169014086
2 0.77734375 0.5586854460093896 0.06875 0.04929577464788732
2 0.8453125 0.5645539906103286 0.065625 0.03286384976525822
5 0.16171875 0.5915492957746479 0.3171875 0.49295774647887325
5 0.58359375 0.5563380281690141 0.0671875 0.0539906103286385
2 0.70859375 0.5563380281690141 0.0671875 0.051643192488262914
2 0.9203125 0.5598591549295775 0.071875 0.046948356807511735
2 0.315625 0.573943661971831 0.0375 0.023474178403755867
2 0.88203125 0.5645539906103286 0.025 0.04225352112676056