2 0.79375 0.6510416666666666 0.0390625 0.04583333333333333
2 0.759375 0.678125 0.04375 0.075
1 0.60078125 0.6260416666666667 0.24375 0.38333333333333336
1 0.1546875 0.665625 0.30625 0.43125
5 0.365625 0.675 0.128125 0.3020833333333333
2 0.825 0.6447916666666667 0.0328125 0.041666666666666664
2 0.9453125 0.6520833333333333 0.0171875 0.03958333333333333
2 0.9015625 0.6479166666666667 0.034375 0.0375
5 0.825 0.6427083333333333 0.028125 0.03125
5 0.9234375 0.6322916666666667 0.0125 0.035416666666666666
2 0.9671875 0.6479166666666667 0.009375 0.03125