5 0.05 0.575 0.1 0.08958333333333333
5 0.36171875 0.5322916666666667 0.090625 0.08333333333333333
5 0.5875 0.5416666666666666 0.0578125 0.08125
2 0.525 0.6239583333333333 0.16875 0.15625
2 0.39296875 0.5989583333333334 0.1390625 0.09791666666666667
2 0.30859375 0.5854166666666667 0.0984375 0.075
2 0.98046875 0.5770833333333333 0.0390625 0.0875
2 0.6765625 0.6083333333333333 0.1625 0.1375
2 0.925 0.8125 0.15 0.375
2 0.89375 0.5489583333333333 0.021875 0.0375
2 0.1421875 0.6208333333333333 0.284375 0.11875
2 0.9171875 0.8625 0.165625 0.275
2 0.91953125 0.5635416666666667 0.0515625 0.06666666666666667
5 0.8046875 0.58125 0.1765625 0.17083333333333334
5 0.13984375 0.5479166666666667 0.125 0.07291666666666667