2 0.22198275862068967 0.84375 0.20474137931034483 0.071875
2 0.0625 0.84140625 0.125 0.0515625
2 0.2974137931034483 0.82109375 0.08189655172413793 0.028125
2 0.8814655172413793 0.8421875 0.22198275862068967 0.0515625
2 0.6788793103448276 0.8359375 0.05603448275862069 0.028125
2 0.7478448275862069 0.828125 0.04525862068965517 0.0265625
2 0.4105603448275862 0.840625 0.1853448275862069 0.0828125
2 0.6368534482758621 0.8359375 0.0603448275862069 0.03125
2 0.5140086206896551 0.8375 0.08836206896551724 0.040625
2 0.552801724137931 0.8375 0.06465517241379311 0.0390625
2 0.7004310344827587 0.83046875 0.07758620689655173 0.0296875
2 0.5344827586206896 0.82421875 0.09698275862068965 0.01875