2 0.80390625 0.33645833333333336 0.0703125 0.052083333333333336
2 0.70703125 0.3302083333333333 0.065625 0.04791666666666667
2 0.62265625 0.3177083333333333 0.0703125 0.04791666666666667
2 0.30390625 0.2916666666666667 0.0203125 0.025
2 0.3453125 0.2947916666666667 0.0328125 0.025
2 0.4125 0.3020833333333333 0.046875 0.029166666666666667
2 0.46796875 0.30833333333333335 0.0546875 0.03333333333333333
2 0.58359375 0.31875 0.053125 0.0375
2 0.66171875 0.3260416666666667 0.0671875 0.04375
2 0.74921875 0.3333333333333333 0.06875 0.04791666666666667
2 0.55234375 0.31666666666666665 0.0578125 0.0375
2 0.375 0.29791666666666666 0.0484375 0.027083333333333334
2 0.93828125 0.3416666666666667 0.075 0.052083333333333336