0 0.15546875 0.7704918032786885 0.246875 0.3255269320843091
0 0.6609375 0.5292740046838408 0.0453125 0.13348946135831383
2 0.13203125 0.6018735362997658 0.2640625 0.3442622950819672
2 0.67109375 0.4449648711943794 0.0875 0.08665105386416862
0 0.89921875 0.49882903981264637 0.021875 0.12412177985948478
0 0.79296875 0.5327868852459017 0.0359375 0.117096018735363
2 0.5921875 0.44730679156908665 0.0390625 0.07728337236533958
2 0.76484375 0.41217798594847777 0.0109375 0.0234192037470726
2 0.81015625 0.40749414519906324 0.0109375 0.0117096018735363
5 0.50625 0.4637002341920375 0.146875 0.13114754098360656
0 0.61796875 0.5023419203747073 0.04375 0.09601873536299765
0 0.74921875 0.468384074941452 0.021875 0.07728337236533958
0 0.87890625 0.46955503512880564 0.040625 0.11241217798594848
0 0.91484375 0.5 0.0265625 0.08665105386416862
2 0.6890625 0.3992974238875878 0.025 0.02107728337236534
2 0.71171875 0.41569086651053866 0.0171875 0.0468384074941452