4 0.525 0.5186480186480187 0.609375 0.5920745920745921
5 0.45625 0.08275058275058275 0.165625 0.1655011655011655
2 0.2078125 0.09090909090909091 0.015625 0.02097902097902098
2 0.975 0.18764568764568765 0.05 0.10256410256410256
2 0.2640625 0.08974358974358974 0.0515625 0.03496503496503497
2 0.31015625 0.08857808857808858 0.0703125 0.04895104895104895
2 0.33828125 0.0979020979020979 0.05 0.04195804195804196
2 0.35078125 0.10139860139860139 0.0484375 0.07692307692307693
2 0.9625 0.11888111888111888 0.075 0.10722610722610723
2 0.07265625 0.10839160839160839 0.13125 0.05827505827505827
2 0.86953125 0.08741258741258741 0.021875 0.03496503496503497
2 0.771875 0.09557109557109557 0.071875 0.07459207459207459
2 0.09140625 0.17832167832167833 0.1796875 0.2097902097902098
2 0.79921875 0.09207459207459208 0.0625 0.06526806526806526
5 0.58203125 0.10023310023310024 0.2203125 0.14685314685314685
5 0.09140625 0.15268065268065267 0.1828125 0.14918414918414918
2 0.90234375 0.08275058275058275 0.06875 0.046620046620046623