4 0.196875 0.6241217798594848 0.3546875 0.2857142857142857
1 0.53125 0.265807962529274 0.165625 0.25995316159250587
2 0.73671875 0.4449648711943794 0.2078125 0.234192037470726
2 0.78984375 0.752927400468384 0.4203125 0.4707259953161593
2 0.0390625 0.46955503512880564 0.078125 0.24121779859484777
2 0.071875 0.45081967213114754 0.1203125 0.22014051522248243
2 0.1109375 0.4133489461358314 0.128125 0.17096018735362997
2 0.178125 0.3864168618266979 0.0875 0.13114754098360656
1 0.71328125 0.1686182669789227 0.0671875 0.13114754098360656
5 0.71640625 0.16159250585480095 0.06875 0.11943793911007025
5 0.82109375 0.265807962529274 0.115625 0.11241217798594848
5 0.76953125 0.21779859484777517 0.1 0.07494145199063232
2 0.2890625 0.33138173302107726 0.0890625 0.117096018735363
2 0.690625 0.3091334894613583 0.0921875 0.11475409836065574
2 0.41484375 0.31733021077283374 0.0796875 0.10070257611241218
2 0.27109375 0.3559718969555035 0.0765625 0.1358313817330211
2 0.7734375 0.28805620608899296 0.0859375 0.0936768149882904
2 0.659375 0.2259953161592506 0.0515625 0.06323185011709602
4 0.18046875 0.4215456674473068 0.053125 0.12177985948477751
2 0.89921875 0.3992974238875878 0.1296875 0.16393442622950818
4 0.70625 0.059718969555035126 0.00625 0.00936768149882904