2 0.84296875 0.2505854800936768 0.146875 0.0936768149882904
2 0.6015625 0.24473067915690866 0.1515625 0.11943793911007025
2 0.7421875 0.25526932084309134 0.1 0.0936768149882904
2 0.34609375 0.2505854800936768 0.128125 0.09836065573770492
5 0.64609375 0.18032786885245902 0.18125 0.02810304449648712
5 0.709375 0.20608899297423888 0.1015625 0.03278688524590164
2 0.93046875 0.24941451990632318 0.1390625 0.11007025761124122
2 0.27421875 0.23770491803278687 0.0421875 0.0702576112412178
2 0.41015625 0.22131147540983606 0.0375 0.04215456674473068
2 0.28046875 0.21194379391100704 0.046875 0.0234192037470726
2 0.484375 0.2505854800936768 0.128125 0.10304449648711944
2 0.1328125 0.20960187353629978 0.0375 0.04918032786885246
5 0.82578125 0.18266978922716628 0.125 0.05152224824355972
2 0.7890625 0.22365339578454332 0.065625 0.03981264637002342
5 0.0796875 0.23653395784543327 0.13125 0.13817330210772832
5 0.20625 0.24121779859484777 0.1296875 0.117096018735363