2 0.45625 0.6541666666666667 0.071875 0.05625
2 0.50234375 0.646875 0.0453125 0.04791666666666667
2 0.5859375 0.6364583333333333 0.025 0.022916666666666665
2 0.7078125 0.65 0.046875 0.05
2 0.840625 0.6458333333333334 0.1046875 0.04375
2 0.7859375 0.6385416666666667 0.0390625 0.035416666666666666
2 0.63984375 0.6302083333333334 0.0140625 0.014583333333333334
2 0.66953125 0.6125 0.0078125 0.010416666666666666
2 0.528125 0.6427083333333333 0.034375 0.041666666666666664
2 0.65703125 0.63125 0.0140625 0.016666666666666666
2 0.9296875 0.6416666666666667 0.040625 0.03125
2 0.6921875 0.5989583333333334 0.0078125 0.008333333333333333
2 0.6984375 0.6270833333333333 0.0328125 0.022916666666666665