2 0.3020833333333333 0.8609375 0.1875 0.0984375
2 0.35520833333333335 0.7578125 0.09166666666666666 0.059375
2 0.31875 0.73125 0.08125 0.0484375
2 0.2625 0.6953125 0.07291666666666667 0.0375
2 0.3385416666666667 0.74609375 0.08333333333333333 0.05
2 0.19791666666666666 0.60390625 0.058333333333333334 0.01875
2 0.057291666666666664 0.60234375 0.041666666666666664 0.021875
2 0.051041666666666666 0.68515625 0.027083333333333334 0.0453125
5 0.23854166666666668 0.66953125 0.08333333333333333 0.05
2 0.25625 0.85 0.13125 0.0890625
2 0.878125 0.8515625 0.0875 0.1453125
2 0.20416666666666666 0.659375 0.05 0.0390625
2 0.16875 0.6296875 0.05416666666666667 0.0328125