2 0.2864583333333333 0.1484375 0.13125 0.0546875
2 0.63125 0.1515625 0.14375 0.0609375
2 0.7229166666666667 0.1546875 0.09375 0.04375
2 0.7791666666666667 0.14453125 0.09583333333333334 0.0484375
2 0.8760416666666667 0.1484375 0.07916666666666666 0.0375
2 0.046875 0.13984375 0.08958333333333333 0.05625
2 0.8854166666666666 0.11875 0.025 0.0125
2 0.8302083333333333 0.11796875 0.03333333333333333 0.0171875
2 0.80625 0.11328125 0.022916666666666665 0.0140625
5 0.5385416666666667 0.1078125 0.05416666666666667 0.03125
2 0.16458333333333333 0.16328125 0.22708333333333333 0.0765625
2 0.39895833333333336 0.15625 0.09583333333333334 0.03125
2 0.9854166666666667 0.11953125 0.014583333333333334 0.015625
5 0.16458333333333333 0.1625 0.23541666666666666 0.0734375
5 0.07083333333333333 0.10546875 0.14166666666666666 0.05
2 0.5854166666666667 0.11640625 0.03958333333333333 0.0171875
5 0.434375 0.11015625 0.058333333333333334 0.0296875