2 0.9390625 0.23854166666666668 0.1203125 0.1125
2 0.7671875 0.2125 0.109375 0.08541666666666667
2 0.875 0.20625 0.071875 0.052083333333333336
2 0.834375 0.20416666666666666 0.0484375 0.04375
2 0.92265625 0.19375 0.0484375 0.03125
2 0.85390625 0.17083333333333334 0.0390625 0.014583333333333334
2 0.8359375 0.18229166666666666 0.0359375 0.01875
4 0.47421875 0.6135416666666667 0.6953125 0.6875
2 0.9734375 0.178125 0.053125 0.020833333333333332
5 0.76484375 0.21145833333333333 0.109375 0.08333333333333333
4 0.0546875 0.17291666666666666 0.0203125 0.022916666666666665
4 0.49765625 0.20104166666666667 0.04375 0.05
4 0.3921875 0.21354166666666666 0.01875 0.029166666666666667