2 0.15703125 0.753125 0.071875 0.08333333333333333
2 0.378125 0.7635416666666667 0.0703125 0.0625
2 0.34296875 0.7510416666666667 0.0625 0.06041666666666667
2 0.3109375 0.7541666666666667 0.025 0.04375
2 0.68828125 0.7791666666666667 0.0625 0.06458333333333334
1 0.5453125 0.7416666666666667 0.24375 0.25625
5 0.8203125 0.8010416666666667 0.2453125 0.19166666666666668
2 0.075 0.7177083333333333 0.0171875 0.01875
2 0.08515625 0.728125 0.0125 0.029166666666666667
2 0.24296875 0.725 0.028125 0.014583333333333334
2 0.31953125 0.7302083333333333 0.0265625 0.025
5 0.02734375 0.7604166666666666 0.053125 0.1625
5 0.115625 0.7302083333333333 0.05625 0.07708333333333334