2 0.8984375 0.38615023474178406 0.18125 0.13380281690140844
4 0.34140625 0.5422535211267606 0.1875 0.4295774647887324
4 0.63671875 0.6220657276995305 0.24375 0.5492957746478874
4 0.4703125 0.4847417840375587 0.1234375 0.284037558685446
2 0.6515625 0.40023474178403756 0.3140625 0.31220657276995306
2 0.40546875 0.3392018779342723 0.021875 0.02112676056338028
2 0.36953125 0.33568075117370894 0.0140625 0.01643192488262911
2 0.47890625 0.3392018779342723 0.0125 0.01643192488262911
5 0.65625 0.3873239436619718 0.3265625 0.31220657276995306
2 0.45234375 0.3380281690140845 0.021875 0.018779342723004695
2 0.21015625 0.3438967136150235 0.0453125 0.03051643192488263