2 0.20625 0.2775175644028103 0.11875 0.10070257611241218
2 0.734375 0.26346604215456676 0.1046875 0.11007025761124122
2 0.33671875 0.21194379391100704 0.0984375 0.06791569086651054
2 0.503125 0.1791569086651054 0.125 0.06088992974238876
2 0.559375 0.2107728337236534 0.090625 0.053864168618266976
2 0.6359375 0.2693208430913349 0.1015625 0.10070257611241218
2 0.68125 0.1756440281030445 0.134375 0.0702576112412178
2 0.77578125 0.202576112412178 0.0796875 0.0702576112412178
2 0.86328125 0.21311475409836064 0.0671875 0.05152224824355972
5 0.23828125 0.20608899297423888 0.1296875 0.07728337236533958
5 0.66640625 0.20608899297423888 0.0953125 0.0702576112412178
5 0.0734375 0.27400468384074944 0.1296875 0.12177985948477751
5 0.9703125 0.16393442622950818 0.059375 0.0702576112412178
2 0.128125 0.2107728337236534 0.1140625 0.07728337236533958
2 0.9421875 0.24941451990632318 0.0828125 0.12177985948477751
2 0.321875 0.275175644028103 0.115625 0.09836065573770492
2 0.5359375 0.2728337236533958 0.109375 0.10070257611241218