2 0.17109375 0.9208333333333333 0.190625 0.125
2 0.07734375 0.7927083333333333 0.090625 0.09166666666666666
2 0.28046875 0.9458333333333333 0.1015625 0.10833333333333334
2 0.15 0.8447916666666667 0.128125 0.07916666666666666
2 0.1421875 0.7916666666666666 0.0609375 0.0625
2 0.053125 0.7239583333333334 0.1015625 0.09583333333333334
2 0.12265625 0.753125 0.05625 0.041666666666666664
2 0.01484375 0.7 0.0296875 0.052083333333333336
2 0.334375 0.946875 0.084375 0.08333333333333333
1 0.2390625 0.815625 0.178125 0.1875
2 0.21171875 0.8677083333333333 0.0796875 0.07708333333333334