2 0.74609375 0.5104166666666666 0.1546875 0.10208333333333333
2 0.5171875 0.5010416666666667 0.071875 0.06041666666666667
2 0.5640625 0.4947916666666667 0.053125 0.05
2 0.4109375 0.4864583333333333 0.0265625 0.03333333333333333
2 0.384375 0.4875 0.0390625 0.041666666666666664
5 0.62890625 0.49583333333333335 0.0671875 0.04375
2 0.59375 0.49375 0.0359375 0.04375
2 0.8953125 0.4895833333333333 0.0328125 0.035416666666666666
2 0.45 0.48541666666666666 0.0421875 0.04375
2 0.2984375 0.5 0.1359375 0.05
2 0.2515625 0.49895833333333334 0.0578125 0.04791666666666667
2 0.1953125 0.48854166666666665 0.0265625 0.03125