2 0.3 0.9322916666666666 0.0796875 0.07083333333333333
2 0.45859375 0.9239583333333333 0.0671875 0.0625
2 0.40703125 0.9145833333333333 0.0546875 0.05
2 0.47421875 0.8927083333333333 0.0328125 0.020833333333333332
2 0.51875 0.9041666666666667 0.028125 0.06041666666666667
2 0.5515625 0.91875 0.0546875 0.04583333333333333
2 0.5796875 0.90625 0.025 0.03333333333333333
2 0.5765625 0.8802083333333334 0.021875 0.01875
2 0.6171875 0.9052083333333333 0.0390625 0.0375
2 0.73046875 0.91875 0.053125 0.0625
2 0.67421875 0.8833333333333333 0.0359375 0.0375
2 0.79140625 0.8833333333333333 0.0265625 0.03333333333333333
2 0.35625 0.9197916666666667 0.053125 0.05