2 0.1578125 0.38125 0.034375 0.01875
2 0.253125 0.378125 0.0390625 0.022916666666666665
2 0.35546875 0.378125 0.0375 0.016666666666666666
2 0.45 0.375 0.0453125 0.01875
5 0.30625 0.371875 0.053125 0.027083333333333334
2 0.50625 0.37395833333333334 0.0453125 0.016666666666666666
2 0.6953125 0.371875 0.0453125 0.016666666666666666
2 0.65 0.375 0.05 0.014583333333333334
2 0.20390625 0.3770833333333333 0.0484375 0.020833333333333332
2 0.40625 0.3770833333333333 0.0375 0.014583333333333334
2 0.37890625 0.375 0.0203125 0.020833333333333332
2 0.5671875 0.371875 0.0453125 0.022916666666666665
2 0.74140625 0.3729166666666667 0.046875 0.014583333333333334
2 0.11171875 0.3802083333333333 0.0375 0.020833333333333332