1 0.88203125 0.5094117647058823 0.2296875 0.16941176470588235
2 0.84453125 0.5976470588235294 0.0578125 0.0611764705882353
2 0.69765625 0.6094117647058823 0.1515625 0.07529411764705882
2 0.603125 0.5964705882352941 0.096875 0.06823529411764706
5 0.90546875 0.591764705882353 0.1296875 0.08
2 0.45859375 0.6023529411764705 0.0859375 0.07058823529411765
2 0.3859375 0.6011764705882353 0.0859375 0.07529411764705882
2 0.98828125 0.6 0.0234375 0.04
2 0.31640625 0.6047058823529412 0.10625 0.08235294117647059
2 0.53203125 0.6 0.0890625 0.07529411764705882
2 0.6515625 0.5811764705882353 0.059375 0.03058823529411765
2 0.703125 0.5682352941176471 0.0546875 0.021176470588235293
5 0.78671875 0.5976470588235294 0.0953125 0.07764705882352942