2 0.375 0.6011764705882353 0.1125 0.13647058823529412
5 0.77265625 0.5129411764705882 0.4546875 0.7341176470588235
2 0.90625 0.8482352941176471 0.1828125 0.28
2 0.41015625 0.5564705882352942 0.0796875 0.12470588235294118
2 0.1984375 0.7764705882352941 0.390625 0.4188235294117647
2 0.53515625 0.591764705882353 0.04375 0.10588235294117647
2 0.03125 0.5388235294117647 0.0609375 0.07294117647058823
2 0.51640625 0.5364705882352941 0.0640625 0.07294117647058823
2 0.3484375 0.5152941176470588 0.0265625 0.03058823529411765
2 0.2359375 0.5058823529411764 0.0265625 0.04470588235294118
5 0.27578125 0.5305882352941177 0.0765625 0.09176470588235294
2 0.2015625 0.5070588235294118 0.046875 0.05411764705882353
2 0.48828125 0.5341176470588235 0.015625 0.05647058823529412
5 0.03203125 0.5376470588235294 0.0640625 0.07294117647058823
2 0.5328125 0.5576470588235294 0.05 0.06352941176470588