2 0.41640625 0.7665094339622641 0.0953125 0.16037735849056603
2 0.46484375 0.4858490566037736 0.04375 0.06132075471698113
2 0.790625 0.5011792452830188 0.0734375 0.07311320754716981
2 0.91875 0.7629716981132075 0.1625 0.25471698113207547
2 0.5234375 0.3738207547169811 0.025 0.02830188679245283
2 0.89453125 0.5790094339622641 0.1171875 0.12264150943396226
2 0.5609375 0.3455188679245283 0.009375 0.01650943396226415
2 0.74375 0.45872641509433965 0.0484375 0.0660377358490566
2 0.93828125 0.4363207547169811 0.04375 0.07547169811320754
2 0.66640625 0.43160377358490565 0.0375 0.04481132075471698
2 0.4859375 0.4257075471698113 0.0265625 0.03773584905660377
4 0.65 0.4080188679245283 0.0109375 0.02358490566037736
1 0.59453125 0.32193396226415094 0.028125 0.04009433962264151
1 0.56640625 0.3136792452830189 0.0328125 0.0330188679245283
5 0.6953125 0.38089622641509435 0.0375 0.06839622641509434
2 0.50390625 0.3938679245283019 0.021875 0.0330188679245283
4 0.65 0.36556603773584906 0.009375 0.02358490566037736
4 0.6375 0.38089622641509435 0.0109375 0.02122641509433962
5 0.59765625 0.5966981132075472 0.1171875 0.17452830188679244
5 0.79765625 0.6061320754716981 0.1203125 0.13443396226415094
5 0.07109375 0.6214622641509434 0.140625 0.12735849056603774
2 0.540625 0.36202830188679247 0.01875 0.02122641509433962