2 0.33203125 0.60625 0.0359375 0.01875
2 0.3828125 0.6197916666666666 0.053125 0.022916666666666665
2 0.45625 0.621875 0.025 0.025
2 0.61484375 0.6458333333333334 0.0328125 0.010416666666666666
2 0.565625 0.6302083333333334 0.0328125 0.01875
2 0.5453125 0.6302083333333334 0.021875 0.027083333333333334
2 0.43671875 0.61875 0.021875 0.020833333333333332
2 0.2703125 0.6010416666666667 0.0484375 0.035416666666666666
2 0.47265625 0.6208333333333333 0.021875 0.025
2 0.13828125 0.58125 0.115625 0.05416666666666667
2 0.2234375 0.5979166666666667 0.0703125 0.035416666666666666