2 0.8427083333333333 0.74140625 0.16041666666666668 0.0453125
2 0.9458333333333333 0.74921875 0.10833333333333334 0.05625
2 0.6833333333333333 0.73359375 0.10208333333333333 0.03125
2 0.775 0.73671875 0.08958333333333333 0.028125
2 0.5291666666666667 0.79765625 0.26458333333333334 0.15625
2 0.659375 0.72578125 0.06666666666666667 0.021875
2 0.3645833333333333 0.76171875 0.09166666666666666 0.06875
2 0.3260416666666667 0.709375 0.03125 0.009375
2 0.35 0.70859375 0.027083333333333334 0.015625
2 0.728125 0.73671875 0.11875 0.0328125
2 0.8979166666666667 0.75 0.13958333333333334 0.0421875
2 0.40625 0.7125 0.0375 0.015625