2 0.07890625 0.3635371179039301 0.1578125 0.4781659388646288
2 0.43515625 0.21506550218340612 0.246875 0.19213973799126638
2 0.6671875 0.17248908296943233 0.1140625 0.10262008733624454
2 0.95625 0.21724890829694324 0.0875 0.2183406113537118
2 0.56328125 0.185589519650655 0.1078125 0.07641921397379912
4 0.2796875 0.22161572052401746 0.065625 0.10262008733624454
4 0.2109375 0.23253275109170304 0.1 0.0982532751091703
4 0.24375 0.1965065502183406 0.0421875 0.05021834061135371
4 0.1625 0.21179039301310043 0.05 0.08951965065502183
2 0.7890625 0.22161572052401746 0.271875 0.2074235807860262
5 0.79140625 0.21506550218340612 0.2671875 0.21179039301310043
5 0.953125 0.21724890829694324 0.09375 0.22707423580786026