2 0.669 0.7301369863013699 0.176 0.21095890410958903
2 0.579 0.6575342465753424 0.09 0.14520547945205478
2 0.579 0.6904109589041096 0.066 0.13424657534246576
2 0.557 0.6328767123287671 0.09 0.14246575342465753
2 0.913 0.7301369863013699 0.168 0.2054794520547945
2 0.395 0.7068493150684931 0.174 0.18082191780821918
2 0.534 0.6684931506849315 0.672 0.18356164383561643
2 0.719 0.6178082191780822 0.052 0.038356164383561646
2 0.68 0.6095890410958904 0.048 0.038356164383561646
2 0.073 0.6753424657534246 0.146 0.13424657534246576
2 0.155 0.6356164383561644 0.116 0.136986301369863
2 0.434 0.6424657534246575 0.104 0.0958904109589041