1 0.24453125 0.4492924528301887 0.44375 0.23820754716981132
1 0.6734375 0.4363207547169811 0.5 0.2665094339622642
2 0.021875 0.31485849056603776 0.034375 0.025943396226415096
2 0.0453125 0.31839622641509435 0.0328125 0.025943396226415096
2 0.09453125 0.31957547169811323 0.028125 0.02358490566037736
2 0.11953125 0.33254716981132076 0.0265625 0.014150943396226415
2 0.31875 0.3242924528301887 0.0328125 0.014150943396226415
2 0.3109375 0.3113207547169811 0.0328125 0.02122641509433962
2 0.41328125 0.32547169811320753 0.0296875 0.01650943396226415
2 0.3875 0.30306603773584906 0.0328125 0.025943396226415096
2 0.44296875 0.30778301886792453 0.0234375 0.01650943396226415
2 0.8796875 0.3431603773584906 0.0421875 0.030660377358490566
2 0.890625 0.3313679245283019 0.021875 0.018867924528301886
2 0.9640625 0.33372641509433965 0.0484375 0.02830188679245283
2 0.92109375 0.3278301886792453 0.05 0.02358490566037736