5 0.7609375 0.6538461538461539 0.059375 0.06666666666666667
2 0.3625 0.8589743589743589 0.328125 0.2794871794871795
2 0.68359375 0.8666666666666667 0.4734375 0.2564102564102564
2 0.7859375 0.7256410256410256 0.1328125 0.07435897435897436
2 0.67421875 0.7051282051282052 0.10625 0.10512820512820513
2 0.56328125 0.7307692307692307 0.1375 0.11025641025641025
2 0.45703125 0.7153846153846154 0.1140625 0.08205128205128205
2 0.1765625 0.8153846153846154 0.2375 0.21025641025641026
1 0.76015625 0.6576923076923077 0.0609375 0.07435897435897436
5 0.1515625 0.6807692307692308 0.034375 0.02564102564102564
2 0.33203125 0.7192307692307692 0.1421875 0.0641025641025641
2 0.40703125 0.6935897435897436 0.0421875 0.04871794871794872
2 0.57890625 0.6743589743589744 0.090625 0.028205128205128206
2 0.08046875 0.7538461538461538 0.1609375 0.17692307692307693
2 0.19609375 0.6884615384615385 0.015625 0.015384615384615385
2 0.37109375 0.691025641025641 0.034375 0.038461538461538464