2 0.1268041237113402 0.29826732673267325 0.049484536082474224 0.05198019801980198
2 0.14123711340206185 0.3131188118811881 0.05567010309278351 0.06930693069306931
2 0.6577319587628866 0.3378712871287129 0.11134020618556702 0.07920792079207921
2 0.277319587628866 0.4034653465346535 0.18556701030927836 0.1905940594059406
2 0.7896907216494845 0.6782178217821783 0.41855670103092785 0.6212871287128713
2 0.5474226804123712 0.32054455445544555 0.09278350515463918 0.06435643564356436
2 0.5103092783505154 0.31683168316831684 0.07422680412371134 0.0594059405940594
2 0.177319587628866 0.33292079207920794 0.088659793814433 0.09405940594059406
2 0.6103092783505155 0.3292079207920792 0.088659793814433 0.07920792079207921
2 0.8329896907216495 0.327970297029703 0.24123711340206186 0.09405940594059406
2 0.11030927835051546 0.2908415841584158 0.04536082474226804 0.05198019801980198
2 0.37422680412371134 0.3292079207920792 0.061855670103092786 0.07673267326732673
2 0.5072164948453608 0.29826732673267325 0.06804123711340206 0.034653465346534656