2 0.975 0.30660377358490565 0.05 0.04245283018867924
2 0.92109375 0.2983490566037736 0.03125 0.01650943396226415
2 0.88671875 0.2971698113207547 0.0171875 0.018867924528301886
2 0.90234375 0.29952830188679247 0.0125 0.014150943396226415
4 0.503125 0.5813679245283019 0.9765625 0.7900943396226415
4 0.39375 0.3856132075471698 0.3875 0.20754716981132076
4 0.44609375 0.3113207547169811 0.1921875 0.11320754716981132
4 0.48046875 0.2535377358490566 0.20625 0.12028301886792453
2 0.871875 0.2983490566037736 0.021875 0.01650943396226415
4 0.478125 0.24764150943396226 0.2078125 0.10849056603773585
5 0.07109375 0.2346698113207547 0.140625 0.12264150943396226