2 0.96015625 0.5129107981220657 0.0796875 0.08215962441314555
2 0.909375 0.4988262910798122 0.0640625 0.08450704225352113
2 0.86796875 0.4988262910798122 0.03125 0.056338028169014086
2 0.82890625 0.49178403755868544 0.0265625 0.03286384976525822
2 0.81171875 0.4847417840375587 0.04375 0.03755868544600939
2 0.9859375 0.5751173708920188 0.028125 0.09154929577464789
2 0.77265625 0.4894366197183099 0.0109375 0.02112676056338028
2 0.46328125 0.4988262910798122 0.0625 0.035211267605633804
2 0.56171875 0.49295774647887325 0.034375 0.03051643192488263
2 0.85 0.48708920187793425 0.028125 0.03755868544600939
2 0.6671875 0.4894366197183099 0.0234375 0.03286384976525822
2 0.64375 0.49295774647887325 0.01875 0.025821596244131457