2 0.503125 0.5794044665012407 0.909375 0.7692307692307693
2 0.19765625 0.43672456575682383 0.3875 0.5161290322580645
2 0.40859375 0.18858560794044665 0.3765625 0.21836228287841192
2 0.91640625 0.6861042183622829 0.1640625 0.6277915632754343
2 0.803125 0.14267990074441686 0.1578125 0.09925558312655088
2 0.97890625 0.1513647642679901 0.0421875 0.07444168734491315
2 0.94921875 0.3411910669975186 0.1015625 0.315136476426799
2 0.934375 0.1575682382133995 0.0890625 0.06699751861042183
2 0.1828125 0.10421836228287841 0.365625 0.20347394540942929
2 0.9046875 0.1935483870967742 0.08125 0.08684863523573201
2 0.86953125 0.14267990074441686 0.04375 0.022332506203473945
5 0.1859375 0.10297766749379653 0.359375 0.20595533498759305
5 0.803125 0.14640198511166252 0.1609375 0.12655086848635236