2 0.16484375 0.18384074941451992 0.203125 0.19672131147540983
2 0.60078125 0.11124121779859485 0.1328125 0.10304449648711944
2 0.2609375 0.06908665105386416 0.1046875 0.0585480093676815
2 0.09921875 0.06206088992974239 0.0484375 0.053864168618266976
2 0.17421875 0.059718969555035126 0.0578125 0.04918032786885246
2 0.165625 0.05503512880562061 0.0875 0.05152224824355972
2 0.10078125 0.02927400468384075 0.034375 0.02107728337236534
2 0.02890625 0.0585480093676815 0.0421875 0.05152224824355972
4 0.36640625 0.7330210772833724 0.6765625 0.5128805620608899
4 0.4640625 0.22833723653395785 0.0921875 0.20843091334894615
2 0.053125 0.0351288056206089 0.040625 0.0351288056206089