2 0.8826291079812206 0.38125 0.11737089201877934 0.046875
2 0.7805164319248826 0.35546875 0.08450704225352113 0.028125
2 0.8931924882629108 0.359375 0.0892018779342723 0.0296875
2 0.7018779342723005 0.33984375 0.04929577464788732 0.03125
2 0.49413145539906106 0.30078125 0.025821596244131457 0.0140625
2 0.8157276995305164 0.34609375 0.07746478873239436 0.03125
5 0.7230046948356808 0.3203125 0.07042253521126761 0.0578125
5 0.9694835680751174 0.35703125 0.06103286384976526 0.0796875
0 0.6502347417840375 0.390625 0.07276995305164319 0.0265625
2 0.9882629107981221 0.4140625 0.023474178403755867 0.034375
2 0.8755868544600939 0.340625 0.06103286384976526 0.0171875
2 0.0715962441314554 0.43359375 0.14084507042253522 0.09375
2 0.5645539906103286 0.3296875 0.04225352112676056 0.028125