5 0.246875 0.6866197183098591 0.2 0.3591549295774648
2 0.61875 0.7852112676056338 0.1453125 0.19248826291079812
2 0.71875 0.7687793427230047 0.125 0.1619718309859155
2 0.50234375 0.7582159624413145 0.1046875 0.12206572769953052
2 0.84140625 0.7676056338028169 0.140625 0.15492957746478872
2 0.38515625 0.7370892018779343 0.0765625 0.11032863849765258
2 0.73203125 0.681924882629108 0.090625 0.08215962441314555
2 0.596875 0.6795774647887324 0.115625 0.04225352112676056
2 0.4625 0.75 0.065625 0.11737089201877934
2 0.7875 0.6936619718309859 0.0359375 0.03755868544600939
2 0.44375 0.710093896713615 0.0296875 0.03990610328638498
2 0.35390625 0.7723004694835681 0.0359375 0.107981220657277
2 0.540625 0.6995305164319249 0.071875 0.056338028169014086
2 0.84765625 0.6971830985915493 0.0859375 0.046948356807511735