5 0.353125 0.6267605633802817 0.059375 0.051643192488262914
2 0.41328125 0.6326291079812206 0.0859375 0.03990610328638498
2 0.2984375 0.6349765258215962 0.0546875 0.04460093896713615
2 0.3203125 0.6467136150234741 0.03125 0.01643192488262911
2 0.51640625 0.6291079812206573 0.0484375 0.046948356807511735
2 0.696875 0.6314553990610329 0.0609375 0.04225352112676056
2 0.6421875 0.6279342723004695 0.0875 0.051643192488262914
2 0.09375 0.6373239436619719 0.0671875 0.06103286384976526
2 0.025 0.6443661971830986 0.034375 0.04460093896713615
2 0.775 0.6291079812206573 0.0921875 0.0539906103286385
2 0.58828125 0.6373239436619719 0.0265625 0.03286384976525822
2 0.48359375 0.6431924882629108 0.0234375 0.018779342723004695
2 0.5640625 0.6279342723004695 0.0234375 0.03990610328638498