0 0.5984375 0.55 0.0484375 0.09166666666666666
0 0.72265625 0.5729166666666666 0.053125 0.07083333333333333
2 0.303125 0.5447916666666667 0.0859375 0.03958333333333333
2 0.496875 0.51875 0.03125 0.03125
5 0.5484375 0.49375 0.0875 0.08333333333333333
2 0.29609375 0.5385416666666667 0.0953125 0.05625
2 0.3640625 0.5291666666666667 0.0296875 0.020833333333333332
0 0.46484375 0.5479166666666667 0.0203125 0.020833333333333332
0 0.92109375 0.5083333333333333 0.01875 0.0375
0 0.796875 0.5104166666666666 0.028125 0.016666666666666666
2 0.39296875 0.5302083333333333 0.015625 0.020833333333333332
2 0.38515625 0.528125 0.0171875 0.020833333333333332