2 0.0640625 0.7088607594936709 0.05625 0.056962025316455694
2 0.13984375 0.7009493670886076 0.0765625 0.05379746835443038
2 0.9203125 0.6882911392405063 0.0328125 0.0759493670886076
2 0.89375 0.6661392405063291 0.025 0.04746835443037975
4 0.884375 0.7199367088607594 0.015625 0.04430379746835443
2 0.19609375 0.694620253164557 0.034375 0.03481012658227848
2 0.28125 0.6819620253164557 0.05625 0.04746835443037975
2 0.1015625 0.7041139240506329 0.03125 0.056962025316455694
2 0.5546875 0.6566455696202531 0.0234375 0.0189873417721519
1 0.1640625 0.6661392405063291 0.0875 0.08860759493670886
1 0.253125 0.6455696202531646 0.06875 0.04746835443037975
5 0.22421875 0.6819620253164557 0.059375 0.04746835443037975
5 0.078125 0.6518987341772152 0.078125 0.060126582278481014
2 0.6109375 0.6756329113924051 0.0359375 0.04113924050632911
2 0.36953125 0.6756329113924051 0.0296875 0.022151898734177215
2 0.2296875 0.6740506329113924 0.0484375 0.03481012658227848
2 0.228125 0.6882911392405063 0.021875 0.03481012658227848
0 0.84453125 0.8686708860759493 0.0171875 0.11708860759493671