4 0.325 0.840625 0.5359375 0.31875
4 0.7609375 0.8197916666666667 0.190625 0.22083333333333333
4 0.79453125 0.7729166666666667 0.1703125 0.1875
4 0.8015625 0.7479166666666667 0.159375 0.19166666666666668
4 0.6109375 0.7322916666666667 0.178125 0.16458333333333333
2 0.9203125 0.6875 0.078125 0.0875
2 0.5109375 0.7010416666666667 0.1421875 0.10416666666666667
4 0.84140625 0.7395833333333334 0.140625 0.17083333333333334
2 0.6125 0.6791666666666667 0.121875 0.09791666666666667
2 0.69609375 0.675 0.0640625 0.06458333333333334
2 0.85390625 0.6552083333333333 0.034375 0.03333333333333333
2 0.88203125 0.6479166666666667 0.03125 0.03333333333333333
2 0.95703125 0.6791666666666667 0.0296875 0.07291666666666667
2 0.90390625 0.6375 0.0265625 0.01875
2 0.81640625 0.6572916666666667 0.053125 0.04375
2 0.96171875 0.6583333333333333 0.0390625 0.07083333333333333
4 0.57578125 0.8364583333333333 0.315625 0.2875