2 0.3296875 0.08235294117647059 0.0234375 0.01647058823529412
2 0.359375 0.09058823529411765 0.0375 0.023529411764705882
2 0.2515625 0.09058823529411765 0.0234375 0.01647058823529412
2 0.2625 0.1 0.025 0.018823529411764704
2 0.14609375 0.24 0.0796875 0.02823529411764706
1 0.25 0.20941176470588235 0.2328125 0.07764705882352942
2 0.30859375 0.07882352941176471 0.0234375 0.011764705882352941
5 0.684375 0.16588235294117648 0.0953125 0.0988235294117647
5 0.08125 0.5541176470588235 0.10625 0.05176470588235294
5 0.2921875 0.5011764705882353 0.090625 0.047058823529411764
2 0.22734375 0.08588235294117647 0.0296875 0.021176470588235293
2 0.3796875 0.0988235294117647 0.021875 0.021176470588235293
2 0.371875 0.0976470588235294 0.025 0.021176470588235293
2 0.41953125 0.08 0.025 0.023529411764705882
2 0.23125 0.09058823529411765 0.0234375 0.021176470588235293
5 0.396875 0.10352941176470588 0.040625 0.023529411764705882
2 0.3 0.07882352941176471 0.021875 0.01411764705882353