2 0.40390625 0.4681603773584906 0.159375 0.12735849056603774
2 0.51875 0.4669811320754717 0.0765625 0.0589622641509434
2 0.24296875 0.4858490566037736 0.15 0.1391509433962264
2 0.55546875 0.455188679245283 0.021875 0.03773584905660377
2 0.64921875 0.45990566037735847 0.028125 0.03773584905660377
2 0.79609375 0.4516509433962264 0.015625 0.01650943396226415
4 0.17265625 0.5742924528301887 0.1734375 0.24056603773584906
4 0.6203125 0.48702830188679247 0.0390625 0.09198113207547169
4 0.56640625 0.4834905660377358 0.0375 0.08490566037735849
4 0.6921875 0.47287735849056606 0.0203125 0.049528301886792456
2 0.725 0.44693396226415094 0.015625 0.018867924528301886
2 0.8234375 0.4481132075471698 0.0203125 0.014150943396226415
4 0.7140625 0.46226415094339623 0.0125 0.02358490566037736
4 0.75703125 0.46462264150943394 0.0109375 0.02122641509433962
4 0.7390625 0.46462264150943394 0.0109375 0.025943396226415096
5 0.40625 0.4693396226415094 0.1640625 0.13443396226415094
2 0.74453125 0.44221698113207547 0.009375 0.01179245283018868
2 0.7875 0.44457547169811323 0.009375 0.02122641509433962