1 0.16640625 0.7032710280373832 0.2390625 0.2616822429906542
1 0.9125 0.7570093457943925 0.175 0.19158878504672897
1 0.78046875 0.7406542056074766 0.09375 0.1308411214953271
1 0.4125 0.7009345794392523 0.040625 0.11682242990654206
1 0.3796875 0.7009345794392523 0.03125 0.08878504672897196
1 0.32265625 0.7009345794392523 0.0640625 0.14485981308411214
1 0.36328125 0.6939252336448598 0.0140625 0.06542056074766354
1 0.6359375 0.735981308411215 0.196875 0.18691588785046728
1 0.49453125 0.7102803738317757 0.090625 0.1542056074766355
1 0.4421875 0.6985981308411215 0.025 0.12149532710280374
1 0.01640625 0.6752336448598131 0.0328125 0.14485981308411214