0 0.3375 0.8489461358313818 0.0484375 0.14285714285714285
0 0.64453125 0.8372365339578455 0.05 0.15456674473067916
0 0.978125 0.8395784543325527 0.04375 0.1053864168618267
2 0.06640625 0.7353629976580797 0.05625 0.08899297423887588
4 0.16015625 0.860655737704918 0.15 0.16159250585480095
4 0.6046875 0.8372365339578455 0.04375 0.08899297423887588
2 0.05390625 0.6791569086651054 0.0265625 0.02107728337236534
0 0.56953125 0.8524590163934426 0.0453125 0.117096018735363
0 0.528125 0.8454332552693209 0.05 0.13348946135831383
0 0.69765625 0.84192037470726 0.0703125 0.1358313817330211
0 0.8171875 0.8278688524590164 0.0546875 0.1405152224824356
0 0.8890625 0.8395784543325527 0.090625 0.13114754098360656
2 0.009375 0.6814988290398126 0.0171875 0.03278688524590164
2 0.07734375 0.680327868852459 0.0328125 0.02576112412177986
4 0.92890625 0.8149882903981265 0.0625 0.17330210772833723