2 0.19921875 0.4262295081967213 0.3984375 0.40749414519906324
2 0.4546875 0.3044496487119438 0.221875 0.2224824355971897
2 0.61640625 0.265807962529274 0.13125 0.17096018735362997
4 0.42890625 0.7599531615925058 0.7625 0.45433255269320844
4 0.53203125 0.6791569086651054 0.4015625 0.5526932084309133
4 0.65859375 0.6920374707259953 0.403125 0.5714285714285714
4 0.71015625 0.4672131147540984 0.35 0.25526932084309134
4 0.70859375 0.522248243559719 0.4328125 0.26229508196721313
2 0.04296875 0.2822014051522248 0.0828125 0.23653395784543327
2 0.6859375 0.23653395784543327 0.040625 0.0702576112412178
2 0.7421875 0.26229508196721313 0.0671875 0.06791569086651054
2 0.35234375 0.22365339578454332 0.0359375 0.0702576112412178
4 0.4921875 0.949648711943794 0.4578125 0.0702576112412178
4 0.75546875 0.4016393442622951 0.409375 0.3161592505854801