2 0.740625 0.39369158878504673 0.1421875 0.14018691588785046
2 0.86640625 0.38317757009345793 0.1578125 0.13317757009345793
2 0.3578125 0.39953271028037385 0.0421875 0.04439252336448598
2 0.54140625 0.3878504672897196 0.0390625 0.04672897196261682
2 0.20703125 0.40420560747663553 0.059375 0.04672897196261682
2 0.5828125 0.3878504672897196 0.040625 0.04672897196261682
2 0.31328125 0.39485981308411217 0.0484375 0.056074766355140186
2 0.453125 0.39369158878504673 0.0359375 0.04205607476635514
2 0.3984375 0.39485981308411217 0.0140625 0.0397196261682243
2 0.51484375 0.38901869158878505 0.021875 0.0397196261682243
2 0.10546875 0.411214953271028 0.0328125 0.028037383177570093
2 0.38359375 0.39485981308411217 0.0203125 0.030373831775700934
2 0.28203125 0.39953271028037385 0.0171875 0.016355140186915886