2 0.9078125 0.3013888888888889 0.184375 0.175
2 0.06640625 0.4041666666666667 0.109375 0.10833333333333334
2 0.6640625 0.3055555555555556 0.0296875 0.05555555555555555
4 0.4765625 0.6055555555555555 0.2796875 0.25
5 0.51796875 0.2708333333333333 0.2828125 0.48055555555555557
5 0.32578125 0.3416666666666667 0.1484375 0.275
5 0.1984375 0.3541666666666667 0.0421875 0.05
5 0.75234375 0.28194444444444444 0.1265625 0.10277777777777777
2 0.69765625 0.28194444444444444 0.0515625 0.06111111111111111
2 0.16953125 0.35833333333333334 0.015625 0.03611111111111111
2 0.16171875 0.35138888888888886 0.0140625 0.025
2 0.14921875 0.3541666666666667 0.009375 0.013888888888888888