4 0.3609375 0.13317757009345793 0.1828125 0.1542056074766355
4 0.34296875 0.411214953271028 0.6859375 0.32009345794392524
4 0.2703125 0.3352803738317757 0.540625 0.39953271028037385
4 0.2859375 0.2266355140186916 0.2171875 0.08177570093457943
4 0.5234375 0.7616822429906542 0.81875 0.45560747663551404
4 0.33984375 0.6728971962616822 0.6796875 0.5257009345794392
4 0.428125 0.06658878504672897 0.059375 0.07009345794392523
4 0.3578125 0.12149532710280374 0.384375 0.24065420560747663
4 0.67109375 0.8235981308411215 0.65 0.352803738317757
4 0.4921875 0.5198598130841121 0.5859375 0.4088785046728972
4 0.10078125 0.19626168224299065 0.134375 0.17757009345794392