4 0.6487119437939111 0.81875 0.13348946135831383 0.1671875
4 0.7540983606557377 0.75078125 0.12177985948477751 0.128125
4 0.4133489461358314 0.74453125 0.12177985948477751 0.1390625
4 0.117096018735363 0.8234375 0.11475409836065574 0.1546875
4 0.3044496487119438 0.8859375 0.2107728337236534 0.1609375
4 0.8957845433255269 0.62421875 0.1288056206088993 0.1453125
4 0.4519906323185012 0.6625 0.11475409836065574 0.0875
4 0.5257611241217799 0.48046875 0.10772833723653395 0.09375
4 0.7388758782201406 0.484375 0.11007025761124122 0.0890625
4 0.21662763466042154 0.571875 0.12412177985948478 0.1046875
4 0.2693208430913349 0.471875 0.10070257611241218 0.1015625
4 0.84192037470726 0.42265625 0.07494145199063232 0.1015625