2 0.17265625 0.7296037296037297 0.2578125 0.12121212121212122
2 0.60703125 0.6806526806526807 0.0484375 0.05128205128205128
2 0.578125 0.675990675990676 0.034375 0.04895104895104895
2 0.096875 0.6806526806526807 0.05625 0.030303030303030304
5 0.4234375 0.675990675990676 0.071875 0.08624708624708624
5 0.26640625 0.682983682983683 0.06875 0.06526806526806526
5 0.4859375 0.6771561771561772 0.0390625 0.055944055944055944
2 0.33203125 0.6713286713286714 0.0390625 0.013986013986013986
2 0.3765625 0.6993006993006993 0.078125 0.08624708624708624
2 0.14296875 0.6713286713286714 0.025 0.018648018648018648
2 0.66484375 0.662004662004662 0.0171875 0.013986013986013986
2 0.4609375 0.6783216783216783 0.0125 0.030303030303030304
5 0.5765625 0.675990675990676 0.03125 0.04428904428904429
2 0.8953125 0.6456876456876457 0.0203125 0.023310023310023312