4 0.1125 0.6647196261682243 0.225 0.2102803738317757
4 0.46328125 0.5911214953271028 0.096875 0.12149532710280374
4 0.62578125 0.6799065420560748 0.084375 0.20093457943925233
4 0.3796875 0.6413551401869159 0.0953125 0.20327102803738317
4 0.68984375 0.5969626168224299 0.05625 0.11448598130841121
2 0.596875 0.514018691588785 0.109375 0.10514018691588785
4 0.47578125 0.5210280373831776 0.0671875 0.06074766355140187
2 0.046875 0.4602803738317757 0.0375 0.035046728971962614
4 0.9546875 0.5969626168224299 0.090625 0.11682242990654206
4 0.7765625 0.5257009345794392 0.040625 0.08411214953271028
4 0.9046875 0.5478971962616822 0.05 0.03271028037383177
4 0.48203125 0.4894859813084112 0.028125 0.030373831775700934
4 0.0109375 0.5549065420560748 0.021875 0.06775700934579439