2 0.773 0.6396396396396397 0.138 0.26126126126126126
2 0.687 0.6051051051051051 0.134 0.1831831831831832
2 0.599 0.5480480480480481 0.056 0.10510510510510511
2 0.901 0.6606606606606606 0.198 0.38738738738738737
1 0.496 0.4954954954954955 0.158 0.2822822822822823
2 0.062 0.6231231231231231 0.124 0.23423423423423423
2 0.035 0.8123123123123123 0.07 0.3483483483483483
2 0.058 0.5315315315315315 0.114 0.09009009009009009
2 0.259 0.5525525525525525 0.108 0.18018018018018017
2 0.615 0.4864864864864865 0.05 0.04804804804804805
2 0.621 0.5720720720720721 0.054 0.10810810810810811
4 0.341 0.5915915915915916 0.028 0.08708708708708708
4 0.377 0.5720720720720721 0.022 0.06606606606606606
4 0.32 0.6051051051051051 0.016 0.057057057057057055
5 0.385 0.536036036036036 0.066 0.12312312312312312
2 0.2 0.5900900900900901 0.148 0.16816816816816818