4 0.6598360655737705 0.7703125 0.18032786885245902 0.2109375
4 0.5 0.5125 0.09562841530054644 0.14375
4 0.5259562841530054 0.8796875 0.28688524590163933 0.1265625
4 0.3989071038251366 0.4140625 0.07923497267759563 0.0859375
4 0.523224043715847 0.4953125 0.05737704918032787 0.01875
1 0.7431693989071039 0.23203125 0.28415300546448086 0.153125
2 0.20081967213114754 0.6875 0.4016393442622951 0.1984375
2 0.1721311475409836 0.59296875 0.3442622950819672 0.1265625
2 0.1871584699453552 0.5734375 0.37158469945355194 0.184375
2 0.04371584699453552 0.4609375 0.08743169398907104 0.0453125
2 0.7841530054644809 0.4515625 0.2677595628415301 0.178125
2 0.8538251366120219 0.48046875 0.13114754098360656 0.203125
2 0.5860655737704918 0.3421875 0.21584699453551912 0.0890625
2 0.9289617486338798 0.46015625 0.14207650273224043 0.325
2 0.4057377049180328 0.3125 0.14754098360655737 0.01875
2 0.11885245901639344 0.3921875 0.23770491803278687 0.0453125
2 0.7240437158469946 0.4125 0.226775956284153 0.1375
2 0.11612021857923498 0.3421875 0.23224043715846995 0.0796875
4 0.33060109289617484 0.41328125 0.07650273224043716 0.1
4 0.7418032786885246 0.61484375 0.07650273224043716 0.0359375
4 0.34153005464480873 0.571875 0.14207650273224043 0.159375
2 0.9521857923497268 0.68046875 0.09562841530054644 0.30625