2 0.96640625 0.9061032863849765 0.0671875 0.03990610328638498
2 0.97734375 0.8673708920187794 0.0453125 0.03755868544600939
2 0.81953125 0.8967136150234741 0.3609375 0.20657276995305165
2 0.82890625 0.8075117370892019 0.0265625 0.023474178403755867
2 0.03828125 0.823943661971831 0.0625 0.04929577464788732
2 0.16171875 0.9166666666666666 0.103125 0.06572769953051644
2 0.90625 0.9366197183098591 0.05625 0.06572769953051644
2 0.50078125 0.8556338028169014 0.0375 0.0539906103286385
2 0.109375 0.9014084507042254 0.034375 0.06807511737089202
2 0.90703125 0.8110328638497653 0.0421875 0.028169014084507043
2 0.378125 0.7288732394366197 0.0375 0.018779342723004695
2 0.990625 0.9342723004694836 0.01875 0.035211267605633804
5 0.95703125 0.8356807511737089 0.0859375 0.046948356807511735
2 0.98203125 0.8075117370892019 0.0359375 0.025821596244131457