2 0.797 0.26957831325301207 0.076 0.07530120481927711
2 0.63 0.2816265060240964 0.03 0.05120481927710843
2 0.729 0.2786144578313253 0.064 0.0572289156626506
2 0.879 0.2756024096385542 0.06 0.0572289156626506
2 0.938 0.27259036144578314 0.072 0.05421686746987952
2 0.983 0.26957831325301207 0.034 0.0572289156626506
2 0.247 0.286144578313253 0.054 0.02710843373493976
2 0.01 0.30873493975903615 0.018 0.030120481927710843
2 0.837 0.2756024096385542 0.024 0.05120481927710843
2 0.757 0.2786144578313253 0.022 0.04819277108433735
2 0.944 0.24548192771084337 0.036 0.02108433734939759