2 0.68671875 0.5145833333333333 0.046875 0.027083333333333334
2 0.54453125 0.5052083333333334 0.0234375 0.020833333333333332
1 0.5984375 0.503125 0.0421875 0.08958333333333333
2 0.54453125 0.5052083333333334 0.021875 0.022916666666666665
2 0.4921875 0.5177083333333333 0.0203125 0.03333333333333333
2 0.28359375 0.5458333333333333 0.046875 0.07708333333333334
2 0.50625 0.5135416666666667 0.01875 0.029166666666666667
2 0.45625 0.5072916666666667 0.0140625 0.025
2 0.50703125 0.48020833333333335 0.009375 0.008333333333333333
2 0.53203125 0.5020833333333333 0.0125 0.016666666666666666
1 0.36875 0.5395833333333333 0.1234375 0.11666666666666667
5 0.48203125 0.578125 0.059375 0.06458333333333334
5 0.44609375 0.5104166666666666 0.01875 0.035416666666666666
2 0.51953125 0.5541666666666667 0.015625 0.03125
2 0.64296875 0.5166666666666667 0.0515625 0.025
2 0.78515625 0.5114583333333333 0.0625 0.03958333333333333
1 0.53359375 0.478125 0.0234375 0.035416666666666666
5 0.2890625 0.5197916666666667 0.0359375 0.025