1 0.26875 0.75859375 0.1328125 0.1671875
2 0.55078125 0.85078125 0.075 0.0890625
2 0.2765625 0.88203125 0.1046875 0.1046875
2 0.69140625 0.82734375 0.090625 0.09375
2 0.55859375 0.7953125 0.0765625 0.0703125
2 0.46484375 0.74296875 0.065625 0.0609375
2 0.384375 0.7109375 0.0609375 0.053125
2 0.646875 0.69765625 0.0578125 0.0453125
2 0.725 0.6953125 0.059375 0.0625
2 0.40390625 0.80390625 0.078125 0.0640625
2 0.4765625 0.69375 0.059375 0.0609375
2 0.496875 0.64140625 0.034375 0.0234375
2 0.56171875 0.69921875 0.053125 0.0515625
2 0.69765625 0.8890625 0.0890625 0.09375