2 0.13671875 0.534375 0.0453125 0.041666666666666664
2 0.1875 0.528125 0.053125 0.05625
2 0.25546875 0.5260416666666666 0.04375 0.05
2 0.78671875 0.5177083333333333 0.0671875 0.06041666666666667
2 0.3109375 0.5260416666666666 0.0390625 0.04791666666666667
2 0.384375 0.521875 0.0421875 0.052083333333333336
2 0.4296875 0.5239583333333333 0.0296875 0.03125
2 0.66171875 0.521875 0.0453125 0.03958333333333333
2 0.74453125 0.5114583333333333 0.0625 0.05
2 0.62109375 0.5239583333333333 0.03125 0.0375
2 0.35390625 0.5333333333333333 0.0203125 0.035416666666666666
5 0.584375 0.5208333333333334 0.05 0.05625
5 0.25390625 0.5270833333333333 0.046875 0.05
5 0.7875 0.5177083333333333 0.0671875 0.0625