2 0.9359375 0.14637002341920374 0.128125 0.117096018735363
2 0.265625 0.11475409836065574 0.071875 0.0351288056206089
2 0.11796875 0.1252927400468384 0.1171875 0.04918032786885246
2 0.51953125 0.11475409836065574 0.040625 0.02810304449648712
2 0.33046875 0.16276346604215455 0.134375 0.06791569086651054
2 0.71875 0.11475409836065574 0.0515625 0.03044496487119438
2 0.07109375 0.11358313817330211 0.04375 0.03747072599531616
4 0.2296875 0.5491803278688525 0.3265625 0.7985948477751756
4 0.52265625 0.3629976580796253 0.2984375 0.42857142857142855
4 0.75625 0.2903981264637002 0.2625 0.3442622950819672
2 0.43515625 0.13817330210772832 0.10625 0.04918032786885246
2 0.62578125 0.11475409836065574 0.0359375 0.0234192037470726
2 0.19296875 0.10421545667447307 0.053125 0.04215456674473068
2 0.85234375 0.13817330210772832 0.0359375 0.053864168618266976
2 0.471875 0.10304449648711944 0.0203125 0.0351288056206089
2 0.3484375 0.09250585480093677 0.0421875 0.01873536299765808