2 0.13359375 0.5481220657276995 0.059375 0.07746478873239436
1 0.17890625 0.49765258215962443 0.2515625 0.15492957746478872
4 0.27109375 0.7723004694835681 0.2265625 0.24178403755868544
4 0.72578125 0.6643192488262911 0.121875 0.11267605633802817
4 0.62109375 0.6455399061032864 0.1046875 0.11737089201877934
4 0.4359375 0.704225352112676 0.2 0.14084507042253522
4 0.11953125 0.6854460093896714 0.1140625 0.14788732394366197
4 0.05 0.6244131455399061 0.0703125 0.107981220657277
4 0.30859375 0.6302816901408451 0.0703125 0.13849765258215962
4 0.54609375 0.6291079812206573 0.0921875 0.107981220657277
4 0.68515625 0.6197183098591549 0.040625 0.07042253521126761
4 0.89296875 0.687793427230047 0.0546875 0.1056338028169014