2 0.27578125 0.2515625 0.0953125 0.0328125
2 0.7015625 0.209375 0.0390625 0.015625
2 0.68671875 0.2296875 0.040625 0.028125
2 0.27578125 0.67421875 0.546875 0.6296875
2 0.4640625 0.4390625 0.3125 0.2984375
2 0.6109375 0.35859375 0.096875 0.14375
2 0.5171875 0.25 0.065625 0.0515625
2 0.09921875 0.33828125 0.196875 0.0984375
2 0.5734375 0.221875 0.0390625 0.0359375
2 0.609375 0.3125 0.1390625 0.1171875
2 0.66953125 0.27265625 0.06875 0.0703125
2 0.59140625 0.21171875 0.04375 0.0375
2 0.3703125 0.296875 0.1203125 0.0859375