2 0.91484375 0.6947916666666667 0.065625 0.0875
2 0.02421875 0.628125 0.0484375 0.03958333333333333
4 0.73203125 0.690625 0.0453125 0.08125
4 0.678125 0.6958333333333333 0.0546875 0.06458333333333334
4 0.6203125 0.6947916666666667 0.0453125 0.05625
4 0.56640625 0.69375 0.0234375 0.05416666666666667
4 0.51484375 0.6947916666666667 0.04375 0.058333333333333334
4 0.45390625 0.6885416666666667 0.034375 0.05416666666666667
4 0.7796875 0.7041666666666667 0.0484375 0.05416666666666667
4 0.21953125 0.6708333333333333 0.0953125 0.07916666666666666
4 0.13203125 0.6697916666666667 0.0921875 0.075
4 0.325 0.6770833333333334 0.075 0.07083333333333333
4 0.8421875 0.6979166666666666 0.0578125 0.07291666666666667
4 0.4125 0.6875 0.0421875 0.058333333333333334