2 0.3578125 0.509375 0.140625 0.1
2 0.47734375 0.5010416666666667 0.053125 0.07291666666666667
2 0.1828125 0.509375 0.05625 0.07916666666666666
5 0.57734375 0.46145833333333336 0.184375 0.18958333333333333
2 0.0546875 0.5854166666666667 0.109375 0.11666666666666667
2 0.69921875 0.478125 0.0359375 0.029166666666666667
2 0.8765625 0.471875 0.0140625 0.035416666666666666
2 0.10625 0.5135416666666667 0.146875 0.08125
2 0.22109375 0.5166666666666667 0.05 0.07291666666666667
2 0.46015625 0.478125 0.03125 0.03125
2 0.97578125 0.528125 0.046875 0.06875
2 0.765625 0.4708333333333333 0.0234375 0.025