2 0.61171875 0.7523474178403756 0.128125 0.07042253521126761
2 0.4328125 0.7265258215962441 0.05 0.03286384976525822
2 0.39609375 0.7276995305164319 0.025 0.03990610328638498
2 0.3640625 0.7265258215962441 0.046875 0.04225352112676056
2 0.65234375 0.7323943661971831 0.046875 0.03051643192488263
2 0.315625 0.7089201877934272 0.0328125 0.01643192488262911
2 0.2375 0.7265258215962441 0.0671875 0.046948356807511735
2 0.68515625 0.7359154929577465 0.021875 0.03990610328638498
2 0.18125 0.7183098591549296 0.0078125 0.014084507042253521
2 0.09765625 0.704225352112676 0.0375 0.023474178403755867
2 0.1375 0.7089201877934272 0.04375 0.02112676056338028
2 0.33359375 0.7312206572769953 0.053125 0.04225352112676056