0 0.665625 0.37395833333333334 0.046875 0.07708333333333334
0 0.89609375 0.325 0.10625 0.15625
0 0.40625 0.37916666666666665 0.0453125 0.075
0 0.4921875 0.35208333333333336 0.115625 0.10833333333333334
0 0.71328125 0.371875 0.05625 0.06875
5 0.45390625 0.45625 0.8390625 0.525
0 0.6171875 0.37395833333333334 0.53125 0.08125
0 0.54296875 0.3697916666666667 0.0421875 0.07708333333333334
0 0.74375 0.340625 0.0390625 0.12708333333333333
0 0.64140625 0.378125 0.0265625 0.058333333333333334
0 0.6734375 0.36041666666666666 0.0421875 0.09375
0 0.5859375 0.346875 0.0734375 0.12708333333333333