2 0.376 0.6346666666666667 0.122 0.13333333333333333
2 0.109 0.94 0.214 0.11466666666666667
2 0.921 0.588 0.126 0.072
2 0.75 0.576 0.062 0.048
2 0.663 0.5693333333333334 0.056 0.04533333333333334
2 0.616 0.5693333333333334 0.04 0.034666666666666665
2 0.587 0.568 0.038 0.029333333333333333
2 0.533 0.5693333333333334 0.042 0.037333333333333336
2 0.506 0.5773333333333334 0.03 0.05333333333333334
0 0.512 0.6533333333333333 0.036 0.09066666666666667
5 0.83 0.5706666666666667 0.098 0.08
2 0.418 0.5626666666666666 0.024 0.016