2 0.5235849056603774 0.72109375 0.2806603773584906 0.08125
2 0.7358490566037735 0.69140625 0.10613207547169812 0.0375
2 0.839622641509434 0.69765625 0.09669811320754718 0.040625
2 0.5247641509433962 0.68515625 0.06367924528301887 0.03125
2 0.5908018867924528 0.675 0.0330188679245283 0.01875
2 0.6450471698113207 0.6890625 0.0330188679245283 0.0265625
5 0.20636792452830188 0.68671875 0.4056603773584906 0.165625
2 0.6037735849056604 0.66875 0.01650943396226415 0.009375
2 0.9870283018867925 0.68984375 0.025943396226415096 0.015625
1 0.47523584905660377 0.6578125 0.0330188679245283 0.025
1 0.3443396226415094 0.66015625 0.11556603773584906 0.0546875
2 0.9009433962264151 0.71015625 0.08490566037735849 0.053125
2 0.5377358490566038 0.6578125 0.02122641509433962 0.009375
1 0.4410377358490566 0.66015625 0.030660377358490566 0.01875
2 0.9752358490566038 0.71015625 0.049528301886792456 0.0546875