4 0.5359375 0.8625 0.29375 0.24791666666666667
4 0.8234375 0.8302083333333333 0.1765625 0.26875
4 0.21875 0.6583333333333333 0.09375 0.11666666666666667
4 0.49375 0.678125 0.1203125 0.09791666666666667
2 0.6859375 0.6270833333333333 0.103125 0.1125
2 0.94453125 0.621875 0.1109375 0.1
2 0.5109375 0.6197916666666666 0.1359375 0.11458333333333333
2 0.42265625 0.6197916666666666 0.0890625 0.11666666666666667
4 0.37890625 0.6947916666666667 0.1125 0.06041666666666667
2 0.0703125 0.584375 0.090625 0.11666666666666667
2 0.2421875 0.6145833333333334 0.153125 0.12708333333333333
2 0.0484375 0.6125 0.096875 0.10416666666666667
2 0.82734375 0.6260416666666667 0.1015625 0.12083333333333333
2 0.44296875 0.5583333333333333 0.1390625 0.06458333333333334
2 0.14140625 0.5916666666666667 0.071875 0.1125