2 0.234375 0.4947916666666667 0.3078125 0.17291666666666666
2 0.4421875 0.46979166666666666 0.1 0.10625
2 0.21796875 0.36770833333333336 0.046875 0.029166666666666667
2 0.10234375 0.3625 0.0328125 0.027083333333333334
2 0.078125 0.3625 0.0265625 0.022916666666666665
2 0.05078125 0.36041666666666666 0.0328125 0.022916666666666665
2 0.01640625 0.521875 0.0328125 0.10208333333333333
2 0.17421875 0.36666666666666664 0.0359375 0.022916666666666665
2 0.40703125 0.375 0.0734375 0.0375
2 0.33671875 0.37083333333333335 0.059375 0.03958333333333333
2 0.1375 0.36666666666666664 0.028125 0.025
1 0.82578125 0.396875 0.3484375 0.29583333333333334