2 0.6109785202863962 0.46796875 0.09069212410501193 0.01875
2 0.9451073985680191 0.4828125 0.028639618138424822 0.015625
2 0.25059665871121717 0.45859375 0.06205250596658711 0.021875
2 0.2052505966587112 0.4546875 0.050119331742243436 0.021875
2 0.6193317422434368 0.475 0.050119331742243436 0.0234375
2 0.9033412887828163 0.48125 0.03341288782816229 0.0171875
2 0.8054892601431981 0.47890625 0.03818615751789976 0.0203125
2 0.3162291169451074 0.4625 0.057279236276849645 0.01875
2 0.5727923627684964 0.46875 0.03579952267303103 0.0125
2 0.4904534606205251 0.46875 0.057279236276849645 0.01875
2 0.5286396181384249 0.4671875 0.03818615751789976 0.0140625
2 0.03579952267303103 0.45 0.06921241050119331 0.0234375
2 0.14439140811455847 0.45390625 0.07159904534606205 0.021875