2 0.5238095238095238 0.728125 0.016666666666666666 0.009375
2 0.48928571428571427 0.7390625 0.016666666666666666 0.0109375
2 0.49047619047619045 0.70859375 0.014285714285714285 0.0078125
2 0.5797619047619048 0.73828125 0.02142857142857143 0.0109375
2 0.55 0.72578125 0.016666666666666666 0.009375
2 0.5714285714285714 0.73359375 0.016666666666666666 0.009375
2 0.5535714285714286 0.74375 0.01904761904761905 0.0078125
2 0.5297619047619048 0.7109375 0.014285714285714285 0.0078125
2 0.4726190476190476 0.7046875 0.016666666666666666 0.0078125
2 0.4392857142857143 0.69375 0.02619047619047619 0.00625
2 0.5190476190476191 0.7140625 0.014285714285714285 0.009375
2 0.6440476190476191 0.73046875 0.011904761904761904 0.00625
2 0.28214285714285714 0.79140625 0.011904761904761904 0.0109375