0 0.08203125 0.6572916666666667 0.1 0.22916666666666666
0 0.471875 0.5635416666666667 0.0453125 0.04375
0 0.315625 0.5520833333333334 0.03125 0.0375
2 0.6796875 0.6604166666666667 0.346875 0.3145833333333333
2 0.92265625 0.6739583333333333 0.153125 0.24583333333333332
2 0.29453125 0.5489583333333333 0.04375 0.041666666666666664
2 0.18046875 0.5739583333333333 0.090625 0.11458333333333333
2 0.48671875 0.5479166666666667 0.0625 0.04583333333333333
4 0.059375 0.559375 0.1046875 0.09791666666666667
0 0.4453125 0.56875 0.0140625 0.027083333333333334
2 0.8375 0.58125 0.025 0.04791666666666667
2 0.521875 0.5385416666666667 0.028125 0.025
2 0.4390625 0.5395833333333333 0.04375 0.025