2 0.93828125 0.5747663551401869 0.1109375 0.08411214953271028
2 0.80625 0.5093457943925234 0.01875 0.03271028037383177
2 0.29140625 0.5373831775700935 0.0796875 0.04205607476635514
2 0.475 0.514018691588785 0.028125 0.02570093457943925
0 0.20390625 0.5537383177570093 0.0296875 0.030373831775700934
2 0.98046875 0.5981308411214953 0.0390625 0.09579439252336448
2 0.53046875 0.5023364485981309 0.0203125 0.02102803738317757
2 0.55234375 0.4953271028037383 0.015625 0.016355140186915886
2 0.5765625 0.49065420560747663 0.015625 0.016355140186915886
0 0.11484375 0.5595794392523364 0.0140625 0.037383177570093455
0 0.88359375 0.5607476635514018 0.0390625 0.056074766355140186
0 0.14765625 0.552570093457944 0.0203125 0.04205607476635514
0 0.91953125 0.5245327102803738 0.01875 0.02570093457943925
2 0.85625 0.5397196261682243 0.0453125 0.0514018691588785
2 0.840625 0.522196261682243 0.0453125 0.0514018691588785
2 0.58828125 0.49065420560747663 0.009375 0.014018691588785047
2 0.4953125 0.5046728971962616 0.03125 0.028037383177570093