0 0.753125 0.49296875 0.07708333333333334 0.0921875
0 0.5625 0.471875 0.035416666666666666 0.0546875
2 0.8458333333333333 0.43984375 0.11666666666666667 0.04375
0 0.3729166666666667 0.44375 0.014583333333333334 0.0234375
0 0.325 0.446875 0.010416666666666666 0.03125
0 0.446875 0.44765625 0.010416666666666666 0.03125
0 0.9770833333333333 0.51484375 0.04583333333333333 0.06875
0 0.46145833333333336 0.4578125 0.0125 0.0234375
0 0.415625 0.4421875 0.01875 0.025
0 0.7854166666666667 0.46953125 0.0375 0.0515625
0 0.5260416666666666 0.44921875 0.01875 0.0234375
0 0.35 0.43984375 0.004166666666666667 0.0125
0 0.2791666666666667 0.4390625 0.00625 0.0140625
2 0.12083333333333333 0.4296875 0.025 0.0140625