2 0.82265625 0.54375 0.0375 0.027083333333333334
2 0.815625 0.521875 0.034375 0.01875
2 0.84140625 0.521875 0.025 0.022916666666666665
2 0.78984375 0.5333333333333333 0.0328125 0.020833333333333332
1 0.77109375 0.571875 0.1265625 0.125
1 0.5 0.5875 0.0859375 0.11875
1 0.4203125 0.5989583333333334 0.06875 0.11875
1 0.6734375 0.5895833333333333 0.10625 0.12291666666666666
1 0.1546875 0.59375 0.065625 0.125
1 0.06484375 0.5979166666666667 0.0703125 0.1375
1 0.57421875 0.5875 0.08125 0.12291666666666666
1 0.509375 0.5260416666666666 0.053125 0.058333333333333334
1 0.90390625 0.48020833333333335 0.1203125 0.0375
1 0.2359375 0.5958333333333333 0.065625 0.12291666666666666
1 0.321875 0.609375 0.040625 0.07708333333333334
2 0.98203125 0.6 0.0359375 0.03333333333333333
2 0.934375 0.578125 0.0734375 0.03333333333333333
2 0.88125 0.5177083333333333 0.0328125 0.0125
2 0.7859375 0.5197916666666667 0.040625 0.025
1 0.44609375 0.5364583333333334 0.04375 0.07916666666666666