2 0.5359375 0.3231850117096019 0.0359375 0.01873536299765808
2 0.3984375 0.3255269320843091 0.0234375 0.01405152224824356
5 0.18671875 0.6159250585480094 0.165625 0.14754098360655737
2 0.4921875 0.33138173302107726 0.0609375 0.02576112412177986
2 0.51015625 0.3114754098360656 0.0421875 0.0234192037470726
2 0.57734375 0.3091334894613583 0.0359375 0.03278688524590164
2 0.5453125 0.30679156908665106 0.0375 0.03044496487119438
2 0.96875 0.26346604215456676 0.0625 0.02576112412177986
2 0.15703125 0.37236533957845436 0.0265625 0.01873536299765808
2 0.12265625 0.37822014051522246 0.0203125 0.02107728337236534
2 0.090625 0.382903981264637 0.01875 0.02107728337236534
2 0.021875 0.39344262295081966 0.04375 0.01405152224824356
2 0.33125 0.35362997658079626 0.0375 0.0117096018735363
2 0.30546875 0.34192037470725994 0.0265625 0.01873536299765808