2 0.028125 0.44339622641509435 0.0515625 0.025943396226415096
2 0.1421875 0.4257075471698113 0.0453125 0.02122641509433962
2 0.11640625 0.419811320754717 0.0203125 0.02122641509433962
2 0.21328125 0.41745283018867924 0.0203125 0.01650943396226415
2 0.3875 0.419811320754717 0.0328125 0.018867924528301886
2 0.28125 0.43042452830188677 0.015625 0.02122641509433962
2 0.4296875 0.419811320754717 0.0171875 0.01650943396226415
2 0.23671875 0.41627358490566035 0.025 0.018867924528301886
2 0.3359375 0.419811320754717 0.021875 0.02358490566037736
2 0.53828125 0.4257075471698113 0.0296875 0.02830188679245283
2 0.4578125 0.4186320754716981 0.015625 0.018867924528301886
2 0.48125 0.41509433962264153 0.015625 0.009433962264150943