2 0.805019305019305 0.86796875 0.38996138996138996 0.1375
2 0.31467181467181465 0.85546875 0.20077220077220076 0.1015625
2 0.41023166023166024 0.83359375 0.1138996138996139 0.05625
2 0.2606177606177606 0.184375 0.0888030888030888 0.0453125
2 0.222007722007722 0.81796875 0.05019305019305019 0.028125
2 0.1554054054054054 0.8140625 0.03667953667953668 0.0171875
2 0.6283783783783784 0.82109375 0.10231660231660232 0.0453125
5 0.6891891891891891 0.48125 0.6061776061776062 0.3
5 0.25868725868725867 0.4859375 0.15057915057915058 0.0875
5 0.46814671814671815 0.18125 0.31467181467181465 0.1859375
2 0.3764478764478765 0.4953125 0.04247104247104247 0.0125
2 0.722007722007722 0.184375 0.09073359073359073 0.028125
2 0.18822393822393824 0.8140625 0.03667953667953668 0.0265625
2 0.12644787644787644 0.81328125 0.015444015444015444 0.0140625
2 0.11776061776061776 0.81328125 0.015444015444015444 0.0140625
5 0.12451737451737452 0.4859375 0.08301158301158301 0.053125
5 0.8986486486486487 0.18828125 0.20270270270270271 0.071875