2 0.28828125 0.3416666666666667 0.0578125 0.022916666666666665
2 0.29609375 0.3260416666666667 0.0328125 0.020833333333333332
2 0.16015625 0.3697916666666667 0.3203125 0.052083333333333336
2 0.1484375 0.3458333333333333 0.034375 0.01875
2 0.159375 0.33645833333333336 0.05 0.020833333333333332
2 0.1828125 0.328125 0.0390625 0.01875
2 0.09296875 0.3645833333333333 0.05625 0.027083333333333334
2 0.1359375 0.35208333333333336 0.0390625 0.025
2 0.1546875 0.340625 0.0375 0.016666666666666666
2 0.284375 0.353125 0.0703125 0.029166666666666667
2 0.2046875 0.3229166666666667 0.025 0.0125