0 0.309375 0.41770833333333335 0.0953125 0.08333333333333333
2 0.82109375 0.3802083333333333 0.0984375 0.07291666666666667
2 0.9765625 0.48541666666666666 0.0453125 0.14166666666666666
2 0.96171875 0.42083333333333334 0.0765625 0.11458333333333333
1 0.62890625 0.346875 0.196875 0.11458333333333333
1 0.47265625 0.35208333333333336 0.0515625 0.075
2 0.953125 0.39895833333333336 0.09375 0.09166666666666666
2 0.30859375 0.37916666666666665 0.04375 0.03958333333333333
2 0.32734375 0.3729166666666667 0.021875 0.0375
2 0.35078125 0.37395833333333334 0.0109375 0.041666666666666664
2 0.503125 0.35520833333333335 0.0125 0.022916666666666665
2 0.9328125 0.35104166666666664 0.0296875 0.008333333333333333