2 0.9296407185628742 0.255 0.1407185628742515 0.052
2 0.75 0.256 0.1377245508982036 0.042
2 0.5838323353293413 0.254 0.1347305389221557 0.044
2 0.4431137724550898 0.261 0.1497005988023952 0.046
2 0.14520958083832336 0.276 0.1467065868263473 0.062
2 0.28592814371257486 0.252 0.0748502994011976 0.028
2 0.2215568862275449 0.25 0.08982035928143713 0.034
2 0.3592814371257485 0.246 0.09580838323353294 0.042
2 0.47604790419161674 0.243 0.09281437125748503 0.024
4 0.5553892215568862 0.639 0.7844311377245509 0.618
2 0.023952095808383235 0.25 0.023952095808383235 0.016