2 0.87421875 0.24238227146814403 0.115625 0.11357340720221606
2 0.8015625 0.23684210526315788 0.075 0.0997229916897507
2 0.30078125 0.2077562326869806 0.075 0.07756232686980609
2 0.9515625 0.25069252077562326 0.096875 0.12465373961218837
2 0.73046875 0.23545706371191136 0.078125 0.08587257617728532
2 0.9765625 0.16759002770083103 0.046875 0.05263157894736842
5 0.35078125 0.1149584487534626 0.09375 0.08587257617728532
5 0.6828125 0.1523545706371191 0.0953125 0.060941828254847646
2 0.1109375 0.1772853185595568 0.0375 0.06925207756232687
2 0.678125 0.21745152354570638 0.0484375 0.05817174515235457
2 0.16796875 0.1925207756232687 0.0859375 0.0664819944598338
2 0.2921875 0.13434903047091412 0.03125 0.04155124653739612
5 0.6359375 0.09695290858725762 0.075 0.05263157894736842