2 0.417 0.7892441860465116 0.052 0.05813953488372093
2 0.318 0.7863372093023255 0.076 0.08139534883720931
2 0.369 0.7848837209302325 0.036 0.046511627906976744
1 0.557 0.690406976744186 0.126 0.0872093023255814
5 0.556 0.7877906976744186 0.166 0.18895348837209303
5 0.123 0.7921511627906976 0.172 0.14244186046511628
2 0.713 0.7906976744186046 0.064 0.046511627906976744
2 0.764 0.7892441860465116 0.054 0.03488372093023256
2 0.445 0.7441860465116279 0.018 0.03197674418604651
2 0.826 0.7863372093023255 0.044 0.03488372093023256
2 0.907 0.7848837209302325 0.064 0.055232558139534885
2 0.43 0.7412790697674418 0.016 0.01744186046511628