2 0.6765625 0.7131147540983607 0.13125 0.1451990632318501
2 0.5640625 0.6252927400468384 0.0609375 0.08430913348946135
2 0.15 0.6463700234192038 0.146875 0.16159250585480095
2 0.3859375 0.6370023419203747 0.04375 0.06323185011709602
2 0.45390625 0.6323185011709602 0.0484375 0.05152224824355972
2 0.4875 0.6252927400468384 0.03125 0.03981264637002342
2 0.5078125 0.6124121779859485 0.025 0.03747072599531616
2 0.52265625 0.5913348946135831 0.0328125 0.03278688524590164
2 0.53046875 0.6252927400468384 0.0140625 0.0468384074941452
2 0.6734375 0.6264637002341921 0.0734375 0.04449648711943794
2 0.6171875 0.6124121779859485 0.03125 0.03278688524590164