2 0.303 0.4867469879518072 0.084 0.07228915662650602
2 0.387 0.4734939759036145 0.122 0.09156626506024096
2 0.479 0.4734939759036145 0.106 0.08674698795180723
2 0.576 0.4771084337349398 0.082 0.07228915662650602
2 0.748 0.46987951807228917 0.092 0.05060240963855422
2 0.68 0.43373493975903615 0.034 0.014457831325301205
2 0.738 0.41445783132530123 0.028 0.02891566265060241
2 0.749 0.4397590361445783 0.076 0.02891566265060241
5 0.214 0.44819277108433736 0.164 0.14216867469879518
5 0.741 0.41566265060240964 0.038 0.02891566265060241
2 0.684 0.463855421686747 0.038 0.04819277108433735