1 0.54765625 0.6042154566744731 0.5109375 0.34660421545667447
5 0.9859375 0.6323185011709602 0.028125 0.07259953161592506
2 0.09296875 0.7002341920374707 0.1859375 0.16393442622950818
2 0.25 0.6885245901639344 0.1453125 0.13114754098360656
2 0.96484375 0.639344262295082 0.0265625 0.03747072599531616
2 0.87109375 0.6510538641686182 0.0171875 0.0468384074941452
5 0.9921875 0.7517564402810304 0.015625 0.16627634660421545
2 0.834375 0.6662763466042154 0.0859375 0.08665105386416862
2 0.90703125 0.6487119437939111 0.0328125 0.04215456674473068
2 0.88203125 0.6487119437939111 0.0265625 0.0468384074941452
2 0.92578125 0.6463700234192038 0.025 0.04215456674473068
2 0.9390625 0.6440281030444965 0.0265625 0.03981264637002342
2 0.9578125 0.6440281030444965 0.0203125 0.03278688524590164