5 0.8625 0.159375 0.275 0.31666666666666665
5 0.05546875 0.23645833333333333 0.1109375 0.125
2 0.334375 0.24270833333333333 0.0609375 0.03958333333333333
2 0.61796875 0.22604166666666667 0.0875 0.04583333333333333
2 0.69375 0.221875 0.0890625 0.06666666666666667
2 0.1390625 0.23854166666666668 0.0671875 0.03125
2 0.1921875 0.23333333333333334 0.0890625 0.03125
2 0.54296875 0.23333333333333334 0.084375 0.035416666666666666
5 0.46953125 0.21458333333333332 0.0796875 0.04583333333333333
2 0.26484375 0.23854166666666668 0.0953125 0.03958333333333333
2 0.39765625 0.23125 0.0515625 0.029166666666666667