1 0.50234375 0.5333333333333333 0.2453125 0.3277777777777778
1 0.34609375 0.49722222222222223 0.084375 0.18055555555555555
5 0.28984375 0.6027777777777777 0.11875 0.16944444444444445
5 0.2984375 0.5361111111111111 0.0921875 0.11944444444444445
2 0.19296875 0.5652777777777778 0.0796875 0.11666666666666667
2 0.2890625 0.6083333333333333 0.1125 0.15833333333333333
2 0.09765625 0.46111111111111114 0.0125 0.016666666666666666
5 0.15859375 0.5277777777777778 0.059375 0.11666666666666667
1 0.2328125 0.4597222222222222 0.096875 0.10555555555555556
1 0.1734375 0.45555555555555555 0.0515625 0.08611111111111111
1 0.13046875 0.4652777777777778 0.0421875 0.08888888888888889