2 0.38671875 0.8170731707317073 0.1609375 0.14092140921409213
2 0.2765625 0.7710027100271003 0.103125 0.13279132791327913
2 0.19375 0.8224932249322493 0.134375 0.14363143631436315
2 0.0671875 0.7046070460704607 0.04375 0.037940379403794036
2 0.53515625 0.7723577235772358 0.109375 0.0948509485094851
2 0.603125 0.7642276422764228 0.078125 0.11382113821138211
4 0.53046875 0.8197831978319783 0.0484375 0.08401084010840108
2 0.40703125 0.7330623306233063 0.1625 0.1842818428184282
2 0.10546875 0.7831978319783198 0.06875 0.11382113821138211
2 0.1265625 0.7046070460704607 0.01875 0.02981029810298103
2 0.0375 0.6951219512195121 0.03125 0.02981029810298103