2 0.765625 0.5245901639344263 0.1 0.06791569086651054
2 0.81875 0.5819672131147541 0.0796875 0.06791569086651054
2 0.9625 0.4765807962529274 0.075 0.08196721311475409
2 0.01328125 0.30327868852459017 0.025 0.02576112412177986
2 0.021875 0.2939110070257611 0.0375 0.01639344262295082
2 0.0375 0.2903981264637002 0.040625 0.0234192037470726
5 0.1046875 0.531615925058548 0.140625 0.22716627634660422
5 0.20625 0.2822014051522248 0.0484375 0.08196721311475409
5 0.14609375 0.2786885245901639 0.0421875 0.0234192037470726
2 0.97578125 0.32786885245901637 0.040625 0.04918032786885246
2 0.12265625 0.3126463700234192 0.046875 0.04918032786885246