5 0.440625 0.755868544600939 0.3 0.15023474178403756
2 0.965625 0.8251173708920188 0.06875 0.34976525821596244
2 0.840625 0.8192488262910798 0.259375 0.3145539906103286
2 0.47265625 0.7734741784037559 0.14375 0.17136150234741784
2 0.6578125 0.7746478873239436 0.075 0.17136150234741784
0 0.38671875 0.710093896713615 0.0484375 0.018779342723004695
2 0.6703125 0.7570422535211268 0.1171875 0.16901408450704225
2 0.18984375 0.7347417840375586 0.0796875 0.0892018779342723
2 0.2203125 0.6901408450704225 0.078125 0.107981220657277
2 0.44375 0.5387323943661971 0.0390625 0.04929577464788732
2 0.309375 0.7112676056338029 0.075 0.107981220657277
2 0.334375 0.6748826291079812 0.0640625 0.08450704225352113
2 0.34765625 0.6431924882629108 0.0484375 0.08215962441314555
2 0.52890625 0.5129107981220657 0.0359375 0.04225352112676056
2 0.7015625 0.7934272300469484 0.1265625 0.22300469483568075