1 0.4859375 0.8830022075055187 0.0671875 0.12362030905077263
2 0.41953125 0.8940397350993378 0.0421875 0.05739514348785872
2 0.34140625 0.9216335540838853 0.0546875 0.05739514348785872
2 0.334375 0.8830022075055187 0.0421875 0.04856512141280353
2 0.37421875 0.8465783664459161 0.034375 0.03532008830022075
2 0.41328125 0.8002207505518764 0.0203125 0.024282560706401765
2 0.4390625 0.7704194260485652 0.015625 0.019867549668874173
2 0.44609375 0.7538631346578366 0.015625 0.017660044150110375
2 0.496875 0.7406181015452539 0.0125 0.01545253863134658
2 0.5078125 0.7362030905077263 0.0125 0.013245033112582781
2 0.4296875 0.7505518763796909 0.0125 0.013245033112582781