2 0.259375 0.7614583333333333 0.121875 0.11666666666666667
2 0.73046875 0.7583333333333333 0.25 0.12083333333333333
2 0.47578125 0.7229166666666667 0.0609375 0.07708333333333334
2 0.4046875 0.7197916666666667 0.0421875 0.05
2 0.95625 0.7927083333333333 0.0875 0.10833333333333334
2 0.56015625 0.725 0.059375 0.07708333333333334
2 0.0578125 0.7395833333333334 0.065625 0.07083333333333333
2 0.59453125 0.7229166666666667 0.0421875 0.075
2 0.11953125 0.7614583333333333 0.134375 0.10833333333333334
2 0.0140625 0.7458333333333333 0.028125 0.11041666666666666
2 0.6484375 0.7322916666666667 0.1125 0.10625
5 0.40625 0.7208333333333333 0.040625 0.05
5 0.35234375 0.70625 0.046875 0.07708333333333334
5 0.47421875 0.7239583333333334 0.0578125 0.07708333333333334