4 0.52265625 0.6213389121338913 0.8578125 0.4790794979079498
2 0.47890625 0.20502092050209206 0.0828125 0.10251046025104603
2 0.3546875 0.16631799163179917 0.034375 0.03765690376569038
2 0.090625 0.200836820083682 0.1640625 0.12761506276150628
2 0.4765625 0.1412133891213389 0.021875 0.02301255230125523
2 0.4765625 0.12447698744769875 0.0203125 0.01882845188284519
2 0.3671875 0.14958158995815898 0.021875 0.016736401673640166
2 0.3765625 0.1401673640167364 0.0296875 0.027196652719665274
2 0.29375 0.1893305439330544 0.0421875 0.04602510460251046
2 0.384375 0.17468619246861924 0.0359375 0.03765690376569038
2 0.23203125 0.19246861924686193 0.0703125 0.06276150627615062
2 0.3953125 0.12238493723849372 0.0203125 0.02092050209205021
2 0.4109375 0.10146443514644352 0.015625 0.02092050209205021
2 0.27421875 0.19246861924686193 0.0328125 0.04811715481171548