2 0.96171875 0.5023364485981309 0.075 0.08878504672897196
2 0.175 0.49065420560747663 0.028125 0.035046728971962614
2 0.165625 0.47546728971962615 0.0328125 0.0397196261682243
2 0.14296875 0.477803738317757 0.0484375 0.04439252336448598
2 0.140625 0.4719626168224299 0.059375 0.056074766355140186
2 0.1015625 0.47546728971962615 0.025 0.035046728971962614
2 0.05390625 0.47313084112149534 0.021875 0.02336448598130841
5 0.521875 0.5630841121495327 0.70625 0.6869158878504673
2 0.13359375 0.4894859813084112 0.015625 0.02336448598130841
2 0.11171875 0.48014018691588783 0.0203125 0.037383177570093455
2 0.04453125 0.4719626168224299 0.0109375 0.02570093457943925
2 0.07265625 0.4742990654205608 0.0234375 0.030373831775700934