2 0.1546875 0.5547112462006079 0.0984375 0.1276595744680851
2 0.89765625 0.49240121580547114 0.134375 0.0851063829787234
2 0.96640625 0.49240121580547114 0.059375 0.0790273556231003
2 0.01484375 0.4787234042553192 0.0203125 0.02127659574468085
1 0.30703125 0.439209726443769 0.165625 0.1884498480243161
1 0.47265625 0.44224924012158057 0.1140625 0.1458966565349544
2 0.02578125 0.4787234042553192 0.0109375 0.02127659574468085
2 0.98046875 0.48632218844984804 0.0390625 0.0729483282674772
1 0.20390625 0.44984802431610943 0.0484375 0.11550151975683891
2 0.0828125 0.5091185410334347 0.0453125 0.060790273556231005
1 0.16640625 0.46200607902735563 0.0296875 0.060790273556231005
1 0.77578125 0.46504559270516715 0.0359375 0.10638297872340426