4 0.06484375 0.5644028103044496 0.040625 0.07728337236533958
2 0.75703125 0.48360655737704916 0.0875 0.12177985948477751
2 0.15390625 0.7330210772833724 0.184375 0.24824355971896955
2 0.34921875 0.7236533957845434 0.1703125 0.17798594847775176
2 0.8984375 0.3442622950819672 0.06875 0.07962529274004684
2 0.43828125 0.5608899297423887 0.1125 0.12412177985948478
2 0.30703125 0.5714285714285714 0.140625 0.1405152224824356
5 0.60703125 0.4262295081967213 0.0875 0.16159250585480095
5 0.6234375 0.18266978922716628 0.1046875 0.06088992974238876
5 0.48671875 0.4637002341920375 0.08125 0.13114754098360656
5 0.4171875 0.8875878220140515 0.2515625 0.20140515222482436
5 0.8859375 0.13466042154566746 0.034375 0.03278688524590164
5 0.4765625 0.23536299765807964 0.059375 0.05152224824355972
2 0.9765625 0.4215456674473068 0.040625 0.0702576112412178
2 0.528125 0.7084309133489461 0.1359375 0.19672131147540983
2 0.578125 0.5480093676814989 0.1 0.1358313817330211
2 0.33828125 0.477751756440281 0.1125 0.08899297423887588
2 0.528125 0.32084309133489464 0.1125 0.07962529274004684
2 0.48671875 0.46252927400468385 0.0828125 0.1288056206088993