1 0.72734375 0.5224215246636771 0.08125 0.02914798206278027
2 0.6703125 0.5302690582959642 0.034375 0.01569506726457399
2 0.5171875 0.531390134529148 0.0375 0.017937219730941704
2 0.43828125 0.5325112107623319 0.0359375 0.020179372197309416
2 0.96875 0.531390134529148 0.04375 0.017937219730941704
2 0.90625 0.531390134529148 0.0390625 0.01569506726457399
2 0.609375 0.5291479820627802 0.0328125 0.017937219730941704
2 0.38515625 0.5325112107623319 0.03125 0.01569506726457399
2 0.078125 0.5257847533632287 0.0265625 0.01569506726457399
2 0.809375 0.531390134529148 0.0359375 0.01569506726457399
2 0.8546875 0.5269058295964125 0.0453125 0.02466367713004484
2 0.27265625 0.531390134529148 0.0234375 0.017937219730941704
2 0.92890625 0.5280269058295964 0.03125 0.020179372197309416
2 0.49375 0.5302690582959642 0.028125 0.02242152466367713