0 0.246875 0.6990632318501171 0.340625 0.2927400468384075
0 0.81875 0.7505854800936768 0.3296875 0.3747072599531616
0 0.06953125 0.5199063231850117 0.071875 0.08665105386416862
0 0.0671875 0.6838407494145199 0.1328125 0.2997658079625293
0 0.6078125 0.6323185011709602 0.3046875 0.34660421545667447
0 0.3984375 0.5515222482435597 0.1359375 0.1592505854800937
0 0.10390625 0.5878220140515222 0.134375 0.07728337236533958
0 0.68359375 0.5644028103044496 0.1203125 0.19437939110070257
0 0.73671875 0.5257611241217799 0.0921875 0.08899297423887588
0 0.3875 0.6557377049180327 0.14375 0.22950819672131148
0 0.10859375 0.5281030444964872 0.05 0.08430913348946135
0 0.2796875 0.5831381733021077 0.125 0.18266978922716628