2 0.55546875 0.20608899297423888 0.0171875 0.03278688524590164
4 0.24921875 0.6604215456674473 0.4984375 0.5339578454332553
4 0.725 0.8372365339578455 0.55 0.3255269320843091
4 0.71875 0.4274004683840749 0.1796875 0.16627634660421545
4 0.22421875 0.9262295081967213 0.4484375 0.14754098360655737
4 0.2984375 0.5421545667447307 0.4375 0.3583138173302108
4 0.3625 0.5304449648711944 0.35625 0.1873536299765808
4 0.35546875 0.4016393442622951 0.290625 0.2224824355971897
4 0.7828125 0.5210772833723654 0.25625 0.12177985948477751
2 0.24296875 0.32201405152224827 0.2 0.1592505854800937
4 0.73984375 0.46604215456674475 0.0453125 0.0351288056206089
4 0.5578125 0.33840749414519905 0.06875 0.10304449648711944
4 0.39921875 0.40866510538641687 0.2578125 0.1358313817330211
4 0.3953125 0.3559718969555035 0.0296875 0.07962529274004684
4 0.53359375 0.8149882903981265 0.1828125 0.34192037470725994