2 0.049019607843137254 0.35784313725490197 0.021241830065359478 0.027777777777777776
2 0.23774509803921567 0.35784313725490197 0.03431372549019608 0.024509803921568627
2 0.12908496732026145 0.35866013071895425 0.04738562091503268 0.021241830065359478
2 0.16911764705882354 0.3619281045751634 0.03104575163398693 0.017973856209150325
2 0.4591503267973856 0.3611111111111111 0.032679738562091505 0.021241830065359478
2 0.31209150326797386 0.3611111111111111 0.03431372549019608 0.016339869281045753
2 0.5310457516339869 0.3570261437908497 0.0392156862745098 0.014705882352941176
2 0.0915032679738562 0.3627450980392157 0.03758169934640523 0.017973856209150325
2 0.2042483660130719 0.3602941176470588 0.03104575163398693 0.021241830065359478
2 0.28104575163398693 0.3619281045751634 0.03594771241830065 0.016339869281045753
2 0.5833333333333334 0.3545751633986928 0.014705882352941176 0.013071895424836602