4 0.37109375 0.9613583138173302 0.096875 0.07494145199063232
4 0.45 0.9648711943793911 0.0609375 0.0702576112412178
5 0.790625 0.7587822014051522 0.1609375 0.08899297423887588
4 0.51015625 0.9672131147540983 0.0734375 0.06557377049180328
4 0.6390625 0.9742388758782201 0.0484375 0.05152224824355972
4 0.70078125 0.9800936768149883 0.0375 0.03981264637002342
4 0.28203125 0.9601873536299765 0.0765625 0.07962529274004684
4 0.31171875 0.9730679156908665 0.0640625 0.053864168618266976
4 0.5484375 0.977751756440281 0.040625 0.04449648711943794
5 0.25078125 0.7213114754098361 0.1234375 0.1053864168618267
4 0.39921875 0.9882903981264637 0.0515625 0.0234192037470726