0 0.27265625 0.7291666666666666 0.0984375 0.4354166666666667
0 0.26640625 0.3375 0.0421875 0.06041666666666667
0 0.40078125 0.3020833333333333 0.025 0.022916666666666665
0 0.46484375 0.3770833333333333 0.0328125 0.10416666666666667
0 0.5109375 0.459375 0.0296875 0.14166666666666666
0 0.74453125 0.5072916666666667 0.146875 0.25625
0 0.625 0.5979166666666667 0.1625 0.46458333333333335
0 0.540625 0.6208333333333333 0.0796875 0.43125
0 0.3703125 0.728125 0.134375 0.46041666666666664
0 0.05625 0.7427083333333333 0.109375 0.44375
0 0.1453125 0.7416666666666667 0.13125 0.36666666666666664
0 0.47578125 0.7052083333333333 0.0859375 0.46041666666666664
0 0.828125 0.6645833333333333 0.1640625 0.3125