4 0.4359375 0.2952941176470588 0.0390625 0.05647058823529412
4 0.41953125 0.3070588235294118 0.0140625 0.042352941176470586
2 0.40625 0.2811764705882353 0.1015625 0.07764705882352942
2 0.3296875 0.2741176470588235 0.096875 0.07058823529411765
2 0.92734375 0.23176470588235293 0.053125 0.04
2 0.87734375 0.2635294117647059 0.1359375 0.09411764705882353
2 0.7203125 0.2376470588235294 0.0953125 0.03764705882352941
5 0.55625 0.5294117647058824 0.7421875 0.5647058823529412
2 0.97421875 0.27176470588235296 0.0515625 0.12705882352941175
2 0.9390625 0.25529411764705884 0.021875 0.011764705882352941
2 0.07265625 0.3070588235294118 0.10625 0.1011764705882353
2 0.96015625 0.21529411764705883 0.053125 0.03294117647058824
5 0.2015625 0.38235294117647056 0.3890625 0.3247058823529412
5 0.659375 0.23058823529411765 0.0359375 0.042352941176470586
2 0.36875 0.28352941176470586 0.0984375 0.08