2 0.98046875 0.46736596736596736 0.0390625 0.03496503496503497
2 0.09609375 0.4662004662004662 0.009375 0.018648018648018648
2 0.0640625 0.46503496503496505 0.040625 0.027972027972027972
2 0.828125 0.5314685314685315 0.1453125 0.17249417249417248
2 0.91640625 0.43356643356643354 0.059375 0.027972027972027972
2 0.98125 0.4347319347319347 0.0328125 0.023310023310023312
2 0.025 0.46153846153846156 0.0265625 0.016317016317016316
2 0.16328125 0.4627039627039627 0.021875 0.02097902097902098
2 0.90859375 0.45104895104895104 0.0375 0.03263403263403263
2 0.92890625 0.44755244755244755 0.0328125 0.023310023310023312
2 0.125 0.4603729603729604 0.040625 0.02564102564102564
2 0.0109375 0.4755244755244755 0.021875 0.023310023310023312
2 0.084375 0.4592074592074592 0.0203125 0.016317016317016316
5 0.84765625 0.479020979020979 0.0921875 0.0675990675990676