2 0.55 0.7892271662763466 0.065625 0.053864168618266976
2 0.66796875 0.7939110070257611 0.0359375 0.04449648711943794
2 0.13828125 0.7622950819672131 0.146875 0.053864168618266976
2 0.8265625 0.788056206088993 0.0390625 0.03747072599531616
2 0.865625 0.7576112412177985 0.0640625 0.03044496487119438
2 0.8359375 0.7552693208430913 0.034375 0.02810304449648712
2 0.61484375 0.7950819672131147 0.0609375 0.0585480093676815
2 0.7390625 0.788056206088993 0.071875 0.0585480093676815
2 0.92578125 0.7903981264637002 0.0859375 0.0351288056206089
2 0.9671875 0.7540983606557377 0.065625 0.0351288056206089
2 0.3078125 0.7599531615925058 0.1109375 0.06791569086651054