4 0.153125 0.73046875 0.0875 0.1140625
4 0.25625 0.74140625 0.0453125 0.0640625
4 0.26015625 0.72265625 0.1109375 0.090625
4 0.3140625 0.71796875 0.0546875 0.0984375
4 0.34140625 0.71953125 0.0515625 0.0953125
4 0.021875 0.7453125 0.04375 0.103125
4 0.37265625 0.71640625 0.05 0.08125
4 0.4015625 0.73203125 0.0359375 0.053125
4 0.675 0.84765625 0.2109375 0.146875
4 0.415625 0.709375 0.078125 0.0859375
4 0.0703125 0.75 0.0625 0.090625
4 0.70234375 0.80703125 0.178125 0.16875
4 0.22890625 0.746875 0.0578125 0.0703125