2 0.703125 0.5802083333333333 0.0203125 0.029166666666666667
2 0.7484375 0.5760416666666667 0.025 0.025
2 0.76484375 0.56875 0.0234375 0.027083333333333334
2 0.72578125 0.5770833333333333 0.0328125 0.025
2 0.78125 0.5677083333333334 0.01875 0.022916666666666665
2 0.10078125 0.590625 0.0359375 0.020833333333333332
2 0.02421875 0.6010416666666667 0.0359375 0.0375
1 0.81328125 0.5572916666666666 0.0203125 0.025
5 0.678125 0.58125 0.0390625 0.041666666666666664
5 0.8125 0.5572916666666666 0.01875 0.025
2 0.1421875 0.584375 0.0296875 0.016666666666666666
2 0.16875 0.578125 0.021875 0.016666666666666666