1 0.28203125 0.6282352941176471 0.0828125 0.0611764705882353
1 0.34375 0.6329411764705882 0.0421875 0.04941176470588235
1 0.50859375 0.6658823529411765 0.0796875 0.08470588235294117
1 0.4546875 0.6694117647058824 0.075 0.07764705882352942
1 0.5578125 0.6647058823529411 0.0625 0.06823529411764706
1 0.60078125 0.6623529411764706 0.0671875 0.07058823529411765
1 0.68359375 0.6623529411764706 0.05625 0.07058823529411765
1 0.64140625 0.6623529411764706 0.0640625 0.07058823529411765
1 0.41640625 0.6694117647058824 0.0953125 0.08470588235294117
1 0.4421875 0.6235294117647059 0.075 0.04941176470588235
1 0.40078125 0.6270588235294118 0.075 0.058823529411764705
1 0.47578125 0.6164705882352941 0.0609375 0.04
1 0.51171875 0.6176470588235294 0.0640625 0.04