1 0.56796875 0.649025069637883 0.8640625 0.6768802228412256
1 0.12734375 0.5431754874651811 0.2515625 0.33147632311977715
1 0.6125 0.3370473537604457 0.4890625 0.14484679665738162
1 0.478125 0.34540389972144847 0.4015625 0.16434540389972144
1 0.92265625 0.3064066852367688 0.1546875 0.13649025069637882
1 0.3828125 0.3565459610027855 0.3171875 0.15598885793871867
1 0.36953125 0.31754874651810583 0.3703125 0.12256267409470752
1 0.08046875 0.7688022284122563 0.159375 0.4401114206128134
1 0.21953125 0.3412256267409471 0.1453125 0.10584958217270195
1 0.16796875 0.3286908077994429 0.0921875 0.06406685236768803
1 0.06640625 0.37186629526462395 0.1328125 0.08913649025069638
1 0.90234375 0.21309192200557103 0.1953125 0.04178272980501393
1 0.67265625 0.2200557103064067 0.1546875 0.03899721448467967