0 0.07734375 0.8041666666666667 0.103125 0.39166666666666666
0 0.175 0.709375 0.046875 0.19375
0 0.32109375 0.7302083333333333 0.034375 0.1625
0 0.5046875 0.709375 0.0484375 0.10833333333333334
0 0.3734375 0.7052083333333333 0.03125 0.075
0 0.6109375 0.7239583333333334 0.0265625 0.075
0 0.5921875 0.6947916666666667 0.015625 0.07083333333333333
0 0.5609375 0.7041666666666667 0.0390625 0.08541666666666667
2 0.9765625 0.68125 0.0390625 0.029166666666666667
2 0.959375 0.6854166666666667 0.0203125 0.025
0 0.80703125 0.709375 0.0171875 0.06458333333333334
0 0.53125 0.7010416666666667 0.0296875 0.06458333333333334
0 0.64453125 0.7104166666666667 0.03125 0.06041666666666667
2 0.4359375 0.66875 0.0984375 0.04791666666666667
0 0.70078125 0.7166666666666667 0.0296875 0.07291666666666667
2 0.83359375 0.6833333333333333 0.0265625 0.027083333333333334
2 0.80234375 0.678125 0.04375 0.03958333333333333
0 0.75625 0.709375 0.0375 0.06875