2 0.1328125 0.2306791569086651 0.08125 0.06557377049180328
2 0.19609375 0.22131147540983606 0.0765625 0.0702576112412178
2 0.609375 0.22365339578454332 0.053125 0.0468384074941452
2 0.72265625 0.22833723653395785 0.0578125 0.03981264637002342
2 0.4640625 0.22482435597189696 0.0625 0.03981264637002342
2 0.64453125 0.22131147540983606 0.0578125 0.05152224824355972
5 0.3875 0.20140515222482436 0.0984375 0.09133489461358314
2 0.5640625 0.2259953161592506 0.053125 0.04215456674473068
2 0.68203125 0.22482435597189696 0.021875 0.04918032786885246
5 0.490625 0.21779859484777517 0.075 0.06323185011709602
2 0.05234375 0.2306791569086651 0.103125 0.07259953161592506
2 0.81796875 0.23302107728337237 0.0328125 0.03044496487119438
2 0.7578125 0.22950819672131148 0.0234375 0.0351288056206089
2 0.01484375 0.22833723653395785 0.0296875 0.05620608899297424