0 0.52109375 0.7458333333333333 0.3015625 0.46875
0 0.94140625 0.65625 0.1171875 0.40208333333333335
0 0.2796875 0.384375 0.128125 0.19791666666666666
0 0.8546875 0.590625 0.0875 0.29375
2 0.62890625 0.21041666666666667 0.2109375 0.06458333333333334
0 0.80078125 0.5645833333333333 0.075 0.29583333333333334
0 0.178125 0.32708333333333334 0.075 0.15833333333333333
0 0.128125 0.3125 0.053125 0.17708333333333334
0 0.16171875 0.3125 0.071875 0.16041666666666668
2 0.2578125 0.18541666666666667 0.0453125 0.09375
5 0.63515625 0.20520833333333333 0.21875 0.0625