4 0.321875 0.68515625 0.64375 0.6015625
4 0.30833333333333335 0.5578125 0.29375 0.2984375
4 0.3541666666666667 0.40859375 0.13541666666666666 0.1125
4 0.953125 0.41484375 0.09375 0.115625
4 0.740625 0.38984375 0.08958333333333333 0.075
4 0.3125 0.65390625 0.27708333333333335 0.3765625
4 0.853125 0.41328125 0.09791666666666667 0.075
4 0.325 0.4453125 0.14375 0.1078125
4 0.8072916666666666 0.39140625 0.10833333333333334 0.1
4 0.9166666666666666 0.41640625 0.13125 0.0859375
4 0.284375 0.46953125 0.18958333333333333 0.209375