2 0.3359375 0.977751756440281 0.0453125 0.04215456674473068
2 0.35546875 0.927400468384075 0.015625 0.02810304449648712
2 0.453125 0.9098360655737705 0.01875 0.02810304449648712
2 0.928125 0.9578454332552693 0.0546875 0.04449648711943794
2 0.3375 0.9473067915690867 0.028125 0.02810304449648712
2 0.3546875 0.9074941451990632 0.01875 0.01873536299765808
2 0.35546875 0.892271662763466 0.0171875 0.01405152224824356
2 0.3609375 0.8817330210772834 0.0125 0.0117096018735363
2 0.3640625 0.8665105386416861 0.0125 0.01639344262295082
2 0.3796875 0.8302107728337237 0.0109375 0.0117096018735363
2 0.9703125 0.9613583138173302 0.059375 0.0585480093676815
2 0.34765625 0.9355971896955504 0.0265625 0.0351288056206089
2 0.36640625 0.8477751756440282 0.009375 0.01639344262295082