0 0.41484375 0.7915690866510539 0.0859375 0.1686182669789227
0 0.41484375 0.7915690866510539 0.090625 0.18032786885245902
2 0.54765625 0.6311475409836066 0.028125 0.03044496487119438
2 0.50546875 0.6311475409836066 0.0203125 0.02107728337236534
2 0.475 0.6440281030444965 0.0328125 0.04449648711943794
2 0.9421875 0.6487119437939111 0.115625 0.07259953161592506
5 0.62421875 0.6381733021077284 0.040625 0.053864168618266976
0 0.59765625 0.734192037470726 0.0453125 0.06791569086651054
0 0.58984375 0.6709601873536299 0.01875 0.05620608899297424
2 0.76484375 0.6697892271662763 0.171875 0.11943793911007025
2 0.53671875 0.6252927400468384 0.0390625 0.02810304449648712