2 0.777 0.6465256797583081 0.054 0.045317220543806644
2 0.76 0.6132930513595166 0.036 0.027190332326283987
2 0.655 0.5694864048338368 0.018 0.015105740181268883
2 0.821 0.6389728096676737 0.052 0.03625377643504532
2 0.639 0.554380664652568 0.024 0.021148036253776436
2 0.229 0.6419939577039275 0.05 0.03625377643504532
2 0.399 0.5392749244712991 0.014 0.01812688821752266
2 0.277 0.5996978851963746 0.036 0.027190332326283987
5 0.702 0.56797583081571 0.07 0.05740181268882175
2 0.969 0.7175226586102719 0.06 0.04833836858006042
2 0.722 0.6042296072507553 0.044 0.030211480362537766
5 0.722 0.6057401812688822 0.038 0.03625377643504532
2 0.617 0.540785498489426 0.012 0.01812688821752266
2 0.381 0.5453172205438066 0.012 0.012084592145015106
2 0.61 0.5347432024169184 0.012 0.012084592145015106