1 0.02734375 0.9170560747663551 0.0546875 0.1378504672897196
1 0.271875 0.9369158878504673 0.1125 0.1191588785046729
1 0.5953125 0.9158878504672897 0.1625 0.16822429906542055
1 0.78359375 0.9077102803738317 0.2171875 0.18457943925233644
1 0.91015625 0.9112149532710281 0.1796875 0.17523364485981308
2 0.3515625 0.8422897196261683 0.0375 0.04439252336448598
2 0.47890625 0.8481308411214953 0.034375 0.06074766355140187
2 0.22265625 0.8422897196261683 0.04375 0.04906542056074766
2 0.128125 0.8422897196261683 0.059375 0.053738317757009345
2 0.07890625 0.8341121495327103 0.0640625 0.05841121495327103
2 0.5125 0.8352803738317757 0.03125 0.05841121495327103
2 0.94296875 0.8142523364485982 0.05625 0.030373831775700934
2 0.31484375 0.8364485981308412 0.0375 0.04205607476635514
2 0.27578125 0.8364485981308412 0.04375 0.06074766355140187
2 0.97734375 0.8119158878504673 0.0265625 0.028037383177570093
2 0.03515625 0.8329439252336449 0.0703125 0.0514018691588785
1 0.9484375 0.8656542056074766 0.103125 0.07009345794392523
0 0.64140625 0.8364485981308412 0.021875 0.02102803738317757