2 0.291 0.8711340206185567 0.02 0.020618556701030927
2 0.386 0.9106529209621993 0.026 0.024054982817869417
2 0.429 0.9123711340206185 0.026 0.024054982817869417
2 0.443 0.9278350515463918 0.024 0.024054982817869417
2 0.468 0.9261168384879725 0.028 0.027491408934707903
2 0.505 0.9484536082474226 0.03 0.024054982817869417
2 0.553 0.9398625429553265 0.022 0.027491408934707903
2 0.691 0.9862542955326461 0.04 0.027491408934707903
2 0.518 0.9381443298969072 0.022 0.020618556701030927
2 0.399 0.9054982817869416 0.016 0.024054982817869417
2 0.224 0.8487972508591065 0.016 0.01718213058419244
2 0.197 0.8436426116838488 0.02 0.020618556701030927
2 0.331 0.8865979381443299 0.024 0.01718213058419244