1 0.63359375 0.8770833333333333 0.1421875 0.24583333333333332
1 0.84921875 0.76875 0.296875 0.4625
1 0.49140625 0.9291666666666667 0.0421875 0.13541666666666666
1 0.53828125 0.9125 0.0578125 0.175
2 0.14140625 0.9864583333333333 0.0359375 0.027083333333333334
2 0.390625 0.9708333333333333 0.075 0.058333333333333334
2 0.20390625 0.9520833333333333 0.05 0.058333333333333334
2 0.4578125 0.9770833333333333 0.03125 0.04583333333333333
5 0.35625 0.9604166666666667 0.0671875 0.07083333333333333
5 0.39140625 0.9739583333333334 0.0734375 0.052083333333333336
5 0.2015625 0.9770833333333333 0.0625 0.04583333333333333