1 0.9140625 0.9427083333333334 0.146875 0.11041666666666666
2 0.52421875 0.7875 0.0296875 0.0375
2 0.32734375 0.85 0.0375 0.04583333333333333
2 0.346875 0.8177083333333334 0.028125 0.029166666666666667
2 0.6484375 0.928125 0.0515625 0.06041666666666667
2 0.4265625 0.7 0.0234375 0.027083333333333334
2 0.4078125 0.6635416666666667 0.0171875 0.016666666666666666
2 0.57421875 0.859375 0.0390625 0.05
2 0.35546875 0.7916666666666666 0.03125 0.03125
2 0.3671875 0.771875 0.028125 0.029166666666666667
2 0.59765625 0.8291666666666667 0.034375 0.041666666666666664
2 0.3125 0.8885416666666667 0.0453125 0.04791666666666667
2 0.565625 0.9291666666666667 0.0515625 0.05625
0 0.609375 0.765625 0.009375 0.020833333333333332
2 0.64921875 0.8 0.0296875 0.0375
4 0.28828125 0.9583333333333334 0.0265625 0.04375