2 0.8 0.7173333333333334 0.4 0.38133333333333336
2 0.523 0.5986666666666667 0.17 0.096
5 0.513 0.5133333333333333 0.076 0.06666666666666667
5 0.483 0.5173333333333333 0.082 0.06933333333333333
0 0.776 0.8186666666666667 0.24 0.336
0 0.535 0.828 0.146 0.336
0 0.372 0.8146666666666667 0.19 0.3626666666666667
0 0.251 0.7973333333333333 0.14 0.224
0 0.129 0.68 0.174 0.20266666666666666
0 0.276 0.6813333333333333 0.218 0.10933333333333334
0 0.729 0.78 0.144 0.2853333333333333
0 0.553 0.752 0.182 0.14933333333333335
0 0.303 0.8306666666666667 0.106 0.17333333333333334
4 0.043 0.636 0.082 0.13066666666666665
5 0.607 0.5373333333333333 0.104 0.07733333333333334
0 0.205 0.7786666666666666 0.092 0.14666666666666667
0 0.44 0.864 0.112 0.272
5 0.331 0.512 0.216 0.208
0 0.233 0.684 0.176 0.18933333333333333
2 0.721 0.5173333333333333 0.142 0.056
4 0.117 0.6413333333333333 0.118 0.12533333333333332
0 0.339 0.6813333333333333 0.12 0.096