2 0.9828125 0.4588235294117647 0.034375 0.31529411764705884
4 0.34375 0.5682352941176471 0.2578125 0.6470588235294118
4 0.47421875 0.3764705882352941 0.0984375 0.23294117647058823
4 0.840625 0.2635294117647059 0.0671875 0.22588235294117648
4 0.53203125 0.29411764705882354 0.1578125 0.29411764705882354
4 0.74375 0.2858823529411765 0.078125 0.24705882352941178
4 0.26875 0.6082352941176471 0.3140625 0.6282352941176471
4 0.3625 0.4258823529411765 0.2484375 0.4611764705882353
4 0.490625 0.30117647058823527 0.1890625 0.31058823529411766
4 0.57890625 0.24235294117647058 0.053125 0.08941176470588236
4 0.1890625 0.6505882352941177 0.378125 0.6988235294117647
4 0.7921875 0.29294117647058826 0.06875 0.20705882352941177
4 0.76328125 0.18470588235294116 0.0203125 0.03058823529411765
4 0.275 0.6588235294117647 0.265625 0.6494117647058824