2 0.725 0.460093896713615 0.0625 0.0892018779342723
2 0.828125 0.44835680751173707 0.0453125 0.04929577464788732
2 0.2046875 0.5011737089201878 0.1484375 0.12206572769953052
2 0.921875 0.45539906103286387 0.1 0.06572769953051644
2 0.27734375 0.4835680751173709 0.075 0.107981220657277
2 0.04453125 0.5293427230046949 0.0890625 0.15492957746478872
2 0.1703125 0.45892018779342725 0.1109375 0.08450704225352113
2 0.03046875 0.5551643192488263 0.059375 0.1619718309859155
5 0.05546875 0.4061032863849765 0.109375 0.13380281690140844
5 0.53828125 0.4096244131455399 0.078125 0.08450704225352113
5 0.8359375 0.4154929577464789 0.053125 0.06338028169014084
4 0.171875 0.7711267605633803 0.1109375 0.31690140845070425
4 0.09453125 0.5868544600938967 0.0703125 0.18544600938967137
4 0.5046875 0.6502347417840375 0.0875 0.20657276995305165
4 0.6015625 0.5387323943661971 0.05625 0.1267605633802817
4 0.690625 0.5152582159624414 0.040625 0.09624413145539906
4 0.40625 0.5539906103286385 0.05 0.15023474178403756
4 0.76640625 0.4636150234741784 0.025 0.056338028169014086
4 0.46640625 0.4835680751173709 0.0328125 0.07981220657276995
4 0.33125 0.5269953051643192 0.053125 0.13380281690140844
4 0.65546875 0.5035211267605634 0.0375 0.08450704225352113
4 0.5546875 0.48708920187793425 0.034375 0.07511737089201878
4 0.63125 0.47300469483568075 0.0265625 0.06807511737089202
4 0.57734375 0.5 0.0234375 0.06807511737089202
4 0.709375 0.5011737089201878 0.0125 0.07746478873239436