2 0.15078125 0.5351288056206089 0.228125 0.11241217798594848
2 0.26328125 0.5327868852459017 0.178125 0.117096018735363
2 0.3375 0.5304449648711944 0.178125 0.12412177985948478
2 0.40234375 0.5058548009367682 0.0890625 0.05620608899297424
2 0.703125 0.5210772833723654 0.203125 0.10070257611241218
2 0.75703125 0.5081967213114754 0.190625 0.117096018735363
2 0.925 0.5 0.15 0.1288056206088993
2 0.0421875 0.5515222482435597 0.084375 0.10772833723653395
2 0.86328125 0.5210772833723654 0.1078125 0.0936768149882904
2 0.16640625 0.468384074941452 0.1421875 0.02810304449648712
2 0.034375 0.4847775175644028 0.06875 0.05620608899297424