4 0.209375 0.7352941176470589 0.3125 0.5035294117647059
4 0.4953125 0.6470588235294118 0.0953125 0.24235294117647058
4 0.86328125 0.5258823529411765 0.0921875 0.13647058823529412
4 0.93203125 0.5458823529411765 0.13125 0.17176470588235293
4 0.596875 0.8047058823529412 0.1625 0.36705882352941177
4 0.74296875 0.5823529411764706 0.0796875 0.16
4 0.67734375 0.5152941176470588 0.065625 0.11294117647058824
4 0.9546875 0.5470588235294118 0.090625 0.18823529411764706
4 0.9828125 0.64 0.0328125 0.1623529411764706
4 0.81640625 0.5105882352941177 0.046875 0.058823529411764705
4 0.9046875 0.528235294117647 0.1203125 0.15058823529411763