2 0.7739583333333333 0.73828125 0.13541666666666666 0.0671875
2 0.6145833333333334 0.7328125 0.09375 0.0546875
2 0.96875 0.74375 0.06041666666666667 0.0984375
2 0.559375 0.73515625 0.07291666666666667 0.04375
2 0.42291666666666666 0.728125 0.03958333333333333 0.0375
2 0.678125 0.73828125 0.09583333333333334 0.05
2 0.375 0.72890625 0.04583333333333333 0.028125
2 0.5229166666666667 0.7328125 0.0625 0.0421875
2 0.34375 0.72578125 0.03333333333333333 0.028125
2 0.134375 0.725 0.0375 0.021875
2 0.28229166666666666 0.72578125 0.03333333333333333 0.028125
4 0.821875 0.74453125 0.08541666666666667 0.0640625
2 0.017708333333333333 0.725 0.03125 0.021875
4 0.89375 0.75 0.08958333333333333 0.0546875