2 0.48046875 0.6666666666666666 0.940625 0.5208333333333334
2 0.25625 0.328125 0.509375 0.18125
2 0.63203125 0.31666666666666665 0.09375 0.11041666666666666
2 0.9375 0.3145833333333333 0.125 0.08958333333333333
2 0.57578125 0.315625 0.125 0.09375
2 0.49375 0.29375 0.1046875 0.0875
2 0.19140625 0.5010416666666667 0.3828125 0.35625
2 0.28984375 0.27395833333333336 0.0375 0.020833333333333332
2 0.40703125 0.30833333333333335 0.021875 0.06041666666666667
2 0.89453125 0.28125 0.040625 0.027083333333333334
2 0.896875 0.25625 0.0625 0.014583333333333334
5 0.2609375 0.32916666666666666 0.521875 0.2
2 0.31796875 0.28020833333333334 0.046875 0.029166666666666667
2 0.51015625 0.32083333333333336 0.0421875 0.06458333333333334