2 0.73046875 0.3597222222222222 0.0546875 0.06944444444444445
2 0.32109375 0.3388888888888889 0.2171875 0.06944444444444445
2 0.52890625 0.35138888888888886 0.0359375 0.06666666666666667
4 0.36328125 0.7125 0.221875 0.38055555555555554
2 0.84765625 0.37222222222222223 0.0203125 0.06666666666666667
4 0.70078125 0.5166666666666667 0.090625 0.1638888888888889
4 0.803125 0.5666666666666667 0.0703125 0.1388888888888889
4 0.6 0.6291666666666667 0.15625 0.19722222222222222
4 0.10546875 0.7597222222222222 0.2109375 0.4777777777777778
4 0.18515625 0.6513888888888889 0.165625 0.25555555555555554
4 0.76171875 0.5 0.0265625 0.1111111111111111
4 0.4578125 0.5277777777777778 0.06875 0.20277777777777778
4 0.19375 0.6388888888888888 0.1578125 0.2722222222222222
4 0.51953125 0.4986111111111111 0.0546875 0.20555555555555555
2 0.6953125 0.34305555555555556 0.03125 0.03888888888888889