0 0.2484375 0.8173302107728337 0.1671875 0.23185011709601874
0 0.06328125 0.6990632318501171 0.1234375 0.24121779859484777
4 0.38046875 0.8372365339578455 0.1203125 0.2786885245901639
4 0.67109375 0.8758782201405152 0.2796875 0.24824355971896955
4 0.6171875 0.6206088992974239 0.415625 0.7540983606557377
0 0.1515625 0.7564402810304449 0.075 0.2107728337236534
0 0.3796875 0.8337236533957846 0.115625 0.29508196721311475
0 0.89140625 0.8149882903981265 0.2171875 0.3395784543325527
0 0.30390625 0.36533957845433257 0.05 0.053864168618266976
1 0.38828125 0.08313817330210772 0.0890625 0.10772833723653395
1 0.29296875 0.14285714285714285 0.5859375 0.2857142857142857