2 0.09375 0.50234375 0.11666666666666667 0.0765625
2 0.5041666666666667 0.553125 0.22083333333333333 0.1328125
2 0.6322916666666667 0.52578125 0.11875 0.0796875
2 0.28854166666666664 0.4859375 0.09166666666666666 0.0609375
2 0.3385416666666667 0.48359375 0.05625 0.0578125
2 0.65625 0.509375 0.1125 0.078125
2 0.840625 0.48515625 0.03333333333333333 0.03125
2 0.5583333333333333 0.475 0.04375 0.0203125
2 0.034375 0.5078125 0.06875 0.075
2 0.16875 0.49609375 0.09166666666666666 0.065625
2 0.6791666666666667 0.503125 0.11666666666666667 0.0671875
2 0.22395833333333334 0.49375 0.07916666666666666 0.0578125