2 0.3203125 0.7614583333333333 0.1453125 0.09583333333333334
2 0.4234375 0.7791666666666667 0.06875 0.06458333333333334
2 0.528125 0.7802083333333333 0.0671875 0.06666666666666667
2 0.74140625 0.7729166666666667 0.09375 0.06875
2 0.93125 0.7770833333333333 0.10625 0.052083333333333336
2 0.1203125 0.7625 0.125 0.06875
2 0.47421875 0.7677083333333333 0.021875 0.035416666666666666
2 0.86328125 0.7604166666666666 0.1328125 0.08333333333333333
2 0.53125 0.7427083333333333 0.06875 0.020833333333333332
2 0.23984375 0.7604166666666666 0.0984375 0.09375
2 0.43125 0.7479166666666667 0.06875 0.03958333333333333
2 0.0359375 0.746875 0.0640625 0.027083333333333334
5 0.2359375 0.7583333333333333 0.09375 0.09375
2 0.3296875 0.7708333333333334 0.003125 0.020833333333333332