5 0.7104166666666667 0.8046875 0.06666666666666667 0.04375
5 0.95 0.7390625 0.1 0.0546875
2 0.8447916666666667 0.89453125 0.05416666666666667 0.0578125
2 0.8770833333333333 0.61171875 0.020833333333333332 0.015625
2 0.8291666666666667 0.95 0.06666666666666667 0.059375
2 0.8770833333333333 0.584375 0.025 0.015625
2 0.9479166666666666 0.5578125 0.020833333333333332 0.0140625
5 0.76875 0.70859375 0.04583333333333333 0.0453125
2 0.8447916666666667 0.828125 0.04791666666666667 0.0296875
2 0.796875 0.80703125 0.035416666666666666 0.0234375
2 0.7104166666666667 0.75703125 0.1 0.028125
2 0.8291666666666667 0.87265625 0.03958333333333333 0.040625
2 0.8114583333333333 0.85 0.058333333333333334 0.03125
2 0.7770833333333333 0.8265625 0.04583333333333333 0.028125
2 0.79375 0.77890625 0.029166666666666667 0.0265625
5 0.7260416666666667 0.896875 0.13125 0.1453125
5 0.64375 0.8875 0.125 0.1421875
2 0.840625 0.74765625 0.08541666666666667 0.0203125