2 0.671875 0.271875 0.1 0.05416666666666667
2 0.225 0.284375 0.090625 0.05625
2 0.3203125 0.2833333333333333 0.0828125 0.05416666666666667
2 0.3859375 0.28020833333333334 0.0859375 0.052083333333333336
2 0.45859375 0.278125 0.0890625 0.058333333333333334
2 0.52578125 0.278125 0.0890625 0.052083333333333336
2 0.59453125 0.2760416666666667 0.0828125 0.05
2 0.8125 0.2708333333333333 0.0890625 0.052083333333333336
2 0.74296875 0.2677083333333333 0.0984375 0.0625
2 0.15234375 0.2875 0.0875 0.058333333333333334
2 0.2109375 0.25416666666666665 0.0390625 0.014583333333333334
2 0.1671875 0.259375 0.0484375 0.029166666666666667
2 0.9484375 0.271875 0.0859375 0.04583333333333333
5 0.0640625 0.28541666666666665 0.1015625 0.06666666666666667
5 0.0328125 0.26458333333333334 0.065625 0.058333333333333334
5 0.88515625 0.26875 0.09375 0.06041666666666667