2 0.5906432748538012 0.70859375 0.04483430799220273 0.0234375
2 0.5038986354775828 0.70859375 0.04483430799220273 0.0234375
2 0.6637426900584795 0.70234375 0.037037037037037035 0.0171875
2 0.15886939571150097 0.71796875 0.05458089668615984 0.0296875
2 0.06530214424951267 0.72265625 0.0935672514619883 0.0453125
2 0.5467836257309941 0.70234375 0.037037037037037035 0.0265625
2 0.3333333333333333 0.70625 0.037037037037037035 0.0234375
2 0.35477582846003897 0.70703125 0.03508771929824561 0.0171875
2 0.3810916179337232 0.6953125 0.07212475633528265 0.021875
2 0.6335282651072125 0.67890625 0.031189083820662766 0.0109375
2 0.6130604288499025 0.70234375 0.029239766081871343 0.0234375
2 0.564327485380117 0.703125 0.017543859649122806 0.0203125
2 0.2553606237816764 0.7140625 0.08576998050682261 0.028125