2 0.38671875 0.7364583333333333 0.0140625 0.00625
2 0.35234375 0.7354166666666667 0.015625 0.008333333333333333
2 0.7328125 0.7333333333333333 0.0125 0.00625
2 0.128125 0.7385416666666667 0.0171875 0.008333333333333333
2 0.8671875 0.7364583333333333 0.0265625 0.00625
2 0.51328125 0.734375 0.0171875 0.010416666666666666
2 0.42265625 0.7375 0.021875 0.014583333333333334
2 0.54296875 0.7354166666666667 0.015625 0.010416666666666666
2 0.7078125 0.7364583333333333 0.0140625 0.008333333333333333
2 0.7484375 0.734375 0.0109375 0.00625
2 0.9109375 0.7333333333333333 0.015625 0.010416666666666666
5 0.83515625 0.7270833333333333 0.0578125 0.020833333333333332
2 0.6078125 0.7333333333333333 0.0203125 0.008333333333333333
2 0.02890625 0.7427083333333333 0.01875 0.010416666666666666