2 0.22890625 0.5778301886792453 0.0140625 0.01179245283018868
2 0.16640625 0.5837264150943396 0.0171875 0.01650943396226415
2 0.2203125 0.5731132075471698 0.0140625 0.014150943396226415
2 0.3328125 0.5259433962264151 0.0078125 0.01179245283018868
2 0.26640625 0.5707547169811321 0.0140625 0.018867924528301886
2 0.04453125 0.597877358490566 0.028125 0.02122641509433962
5 0.0734375 0.5849056603773585 0.0453125 0.04481132075471698
2 0.253125 0.5306603773584906 0.00625 0.014150943396226415
2 0.365625 0.527122641509434 0.0078125 0.01179245283018868
2 0.3640625 0.5495283018867925 0.0078125 0.014150943396226415
2 0.33984375 0.5530660377358491 0.0125 0.01179245283018868
2 0.66484375 0.4115566037735849 0.003125 0.0023584905660377358
2 0.0265625 0.5601415094339622 0.01875 0.018867924528301886
2 0.234375 0.5306603773584906 0.00625 0.009433962264150943
5 0.20234375 0.5330188679245284 0.0296875 0.02830188679245283