0 0.71875 0.3770491803278688 0.009375 0.03278688524590164
2 0.11171875 0.563231850117096 0.2203125 0.4098360655737705
2 0.28046875 0.5327868852459017 0.15 0.23185011709601874
2 0.9296875 0.5409836065573771 0.140625 0.20374707259953162
2 0.703125 0.3711943793911007 0.0328125 0.06791569086651054
2 0.95625 0.4332552693208431 0.04375 0.07259953161592506
2 0.78359375 0.35011709601873536 0.0296875 0.04918032786885246
2 0.96015625 0.734192037470726 0.0796875 0.1873536299765808
4 0.44140625 0.724824355971897 0.4390625 0.4379391100702576
4 0.7328125 0.8044496487119438 0.159375 0.2505854800936768
4 0.85390625 0.752927400468384 0.1296875 0.24824355971896955
4 0.83671875 0.49882903981264637 0.05625 0.14285714285714285
1 0.94296875 0.373536299765808 0.0875 0.10070257611241218
1 0.8546875 0.3758782201405152 0.0765625 0.1288056206088993
5 0.6421875 0.37236533957845436 0.090625 0.18266978922716628
5 0.52421875 0.36065573770491804 0.159375 0.13348946135831383
2 0.73828125 0.3114754098360656 0.021875 0.0234192037470726
2 0.690625 0.3126463700234192 0.0109375 0.03278688524590164
5 0.3796875 0.4180327868852459 0.1375 0.22014051522248243
2 0.83125 0.3161592505854801 0.0578125 0.06791569086651054