2 0.01875 0.5819672131147541 0.0359375 0.09601873536299765
2 0.04609375 0.5667447306791569 0.090625 0.0936768149882904
2 0.15703125 0.5714285714285714 0.1015625 0.12412177985948478
1 0.340625 0.45550351288056207 0.1421875 0.34660421545667447
2 0.2546875 0.5117096018735363 0.015625 0.02107728337236534
2 0.41796875 0.5597189695550351 0.0234375 0.09601873536299765
2 0.21171875 0.5175644028103045 0.0234375 0.0351288056206089
2 0.0890625 0.5468384074941453 0.0625 0.06557377049180328
2 0.61875 0.6182669789227166 0.3875 0.32084309133489464
2 0.246875 0.5058548009367682 0.0125 0.02107728337236534
2 0.19296875 0.5199063231850117 0.028125 0.03747072599531616
2 0.75390625 0.5081967213114754 0.021875 0.04449648711943794
2 0.13515625 0.5210772833723654 0.0484375 0.03278688524590164
5 0.61796875 0.6206088992974239 0.390625 0.3114754098360656