2 0.9765625 0.46875 0.015625 0.014583333333333334
2 0.95859375 0.4239583333333333 0.0125 0.0125
2 0.925 0.39375 0.0109375 0.008333333333333333
2 0.88046875 0.36041666666666666 0.0109375 0.010416666666666666
5 0.9375 0.42291666666666666 0.021875 0.029166666666666667
2 0.89375 0.3697916666666667 0.009375 0.008333333333333333
2 0.87109375 0.3541666666666667 0.009375 0.010416666666666666
2 0.9921875 0.4479166666666667 0.015625 0.016666666666666666
2 0.89140625 0.38333333333333336 0.0125 0.0125
2 0.915625 0.38645833333333335 0.009375 0.010416666666666666
5 0.92421875 0.39166666666666666 0.0125 0.0125
5 0.8546875 0.35104166666666664 0.0171875 0.027083333333333334
5 0.81953125 0.3260416666666667 0.0203125 0.01875
2 0.86640625 0.35 0.00625 0.010416666666666666
2 0.9375 0.40520833333333334 0.0109375 0.0125
2 0.8453125 0.3416666666666667 0.0078125 0.010416666666666666