2 0.24765625 0.4601873536299766 0.1375 0.11475409836065574
2 0.303125 0.44730679156908665 0.1 0.08665105386416862
2 0.5171875 0.4566744730679157 0.190625 0.09836065573770492
2 0.703125 0.41920374707259955 0.0421875 0.04215456674473068
4 0.83203125 0.6615925058548009 0.3015625 0.30679156908665106
4 0.5234375 0.6428571428571429 0.2296875 0.24355971896955503
4 0.21015625 0.6522248243559718 0.2328125 0.2786885245901639
4 0.4703125 0.4765807962529274 0.0765625 0.08196721311475409
2 0.56484375 0.4180327868852459 0.034375 0.0351288056206089
2 0.42890625 0.4215456674473068 0.028125 0.03044496487119438
2 0.3765625 0.43208430913348944 0.0828125 0.053864168618266976
2 0.425 0.43559718969555034 0.0265625 0.04215456674473068
4 0.646875 0.6007025761124122 0.190625 0.18266978922716628
4 0.57734375 0.4672131147540984 0.040625 0.07728337236533958
2 0.54296875 0.4180327868852459 0.059375 0.0351288056206089
2 0.48828125 0.405152224824356 0.0265625 0.00936768149882904