0 0.31328125 0.7427083333333333 0.0703125 0.16666666666666666
0 0.02578125 0.7135416666666666 0.0515625 0.09583333333333334
0 0.06015625 0.7114583333333333 0.0640625 0.09791666666666667
0 0.05546875 0.675 0.0953125 0.08333333333333333
0 0.16328125 0.6802083333333333 0.03125 0.05416666666666667
0 0.08671875 0.6760416666666667 0.04375 0.0625
0 0.1859375 0.746875 0.071875 0.17083333333333334
0 0.09765625 0.6822916666666666 0.0453125 0.08333333333333333
0 0.0734375 0.7010416666666667 0.0484375 0.06041666666666667
0 0.1484375 0.6520833333333333 0.0578125 0.1
4 0.7453125 0.7625 0.06875 0.15833333333333333
0 0.10859375 0.675 0.0375 0.08958333333333333
0 0.1203125 0.6802083333333333 0.0296875 0.058333333333333334
4 0.88515625 0.7885416666666667 0.05625 0.125
4 0.48359375 0.7635416666666667 0.134375 0.21875
4 0.2390625 0.7708333333333334 0.1 0.17916666666666667
4 0.5265625 0.7354166666666667 0.103125 0.19375
4 0.8 0.7541666666666667 0.0859375 0.15416666666666667
0 0.35078125 0.715625 0.053125 0.15416666666666667