2 0.59609375 0.23020833333333332 0.3 0.1375
2 0.2109375 0.23229166666666667 0.3 0.1375
2 0.0609375 0.259375 0.121875 0.13125
2 0.06640625 0.15 0.1296875 0.09166666666666666
2 0.3359375 0.15208333333333332 0.1640625 0.12291666666666666
2 0.44140625 0.228125 0.1609375 0.12291666666666666
2 0.60859375 0.16354166666666667 0.19375 0.06666666666666667
2 0.11875 0.175 0.1515625 0.08958333333333333
2 0.76640625 0.184375 0.1484375 0.07916666666666666
2 0.653125 0.253125 0.1671875 0.06041666666666667
2 0.83046875 0.29583333333333334 0.146875 0.14583333333333334
2 0.9359375 0.24270833333333333 0.128125 0.052083333333333336
2 0.928125 0.21145833333333333 0.14375 0.09166666666666666