2 0.27421875 0.8135416666666667 0.115625 0.12291666666666666
2 0.1359375 0.8083333333333333 0.1390625 0.17083333333333334
2 0.575 0.728125 0.0390625 0.03333333333333333
2 0.6671875 0.7208333333333333 0.1015625 0.11041666666666666
2 0.05078125 0.84375 0.0953125 0.15833333333333333
2 0.7953125 0.8135416666666667 0.1171875 0.125
2 0.36171875 0.7364583333333333 0.0484375 0.075
2 0.55 0.8635416666666667 0.1 0.13125
2 0.63125 0.7864583333333334 0.0609375 0.07916666666666666
2 0.55546875 0.753125 0.0671875 0.04375
2 0.3625 0.815625 0.0484375 0.07916666666666666