4 0.0328125 0.44386694386694386 0.065625 0.27442827442827444
4 0.09453125 0.37525987525987525 0.1 0.15176715176715178
4 0.74296875 0.446985446985447 0.1015625 0.31185031185031187
4 0.6015625 0.15176715176715178 0.0671875 0.16216216216216217
4 0.45078125 0.603950103950104 0.2328125 0.43243243243243246
4 0.63828125 0.6548856548856549 0.2859375 0.4303534303534304
4 0.57890625 0.3762993762993763 0.1 0.16632016632016633
4 0.51953125 0.3367983367983368 0.0828125 0.09147609147609148
4 0.7 0.4074844074844075 0.0859375 0.14553014553014554
4 0.53125 0.15384615384615385 0.1421875 0.16424116424116425
4 0.0734375 0.5446985446985447 0.146875 0.42411642411642414