2 0.85703125 0.37083333333333335 0.0234375 0.014583333333333334
2 0.7984375 0.3729166666666667 0.021875 0.010416666666666666
2 0.82734375 0.3729166666666667 0.0265625 0.014583333333333334
2 0.653125 0.378125 0.0203125 0.008333333333333333
2 0.96796875 0.37083333333333335 0.0203125 0.010416666666666666
2 0.8875 0.3697916666666667 0.0234375 0.014583333333333334
2 0.740625 0.375 0.0203125 0.010416666666666666
2 0.9140625 0.37083333333333335 0.01875 0.008333333333333333
2 0.6796875 0.37604166666666666 0.01875 0.010416666666666666
2 0.76015625 0.375 0.0234375 0.008333333333333333
2 0.6265625 0.378125 0.0203125 0.010416666666666666