0 0.539 0.46 0.026 0.12266666666666666
2 0.146 0.4826666666666667 0.292 0.31466666666666665
2 0.491 0.36666666666666664 0.058 0.08533333333333333
2 0.045 0.3 0.086 0.058666666666666666
2 0.725 0.3453333333333333 0.042 0.06133333333333333
2 0.682 0.3466666666666667 0.048 0.072
2 0.534 0.3293333333333333 0.048 0.034666666666666665
2 0.664 0.352 0.032 0.064
2 0.782 0.3426666666666667 0.016 0.04533333333333334
2 0.241 0.364 0.176 0.16
2 0.844 0.3373333333333333 0.016 0.032
2 0.814 0.344 0.03 0.034666666666666665
2 0.793 0.344 0.02 0.04