4 0.1873536299765808 0.76015625 0.2529274004683841 0.2640625
0 0.446135831381733 0.5640625 0.053864168618266976 0.0796875
0 0.6346604215456675 0.57109375 0.05152224824355972 0.071875
0 0.7037470725995316 0.5 0.02576112412177986 0.046875
0 0.7622950819672131 0.48984375 0.03981264637002342 0.05
0 0.8255269320843092 0.4671875 0.0351288056206089 0.04375
0 0.8793911007025761 0.43359375 0.02107728337236534 0.0375
0 0.7939110070257611 0.47578125 0.02107728337236534 0.04375
0 0.5784543325526932 0.55 0.04215456674473068 0.0640625
0 0.6194379391100703 0.39609375 0.03278688524590164 0.0390625
0 0.6779859484777517 0.51640625 0.02576112412177986 0.0515625
2 0.2224824355971897 0.42734375 0.11475409836065574 0.05625
2 0.275175644028103 0.4171875 0.10304449648711944 0.05625
2 0.09016393442622951 0.4546875 0.11007025761124122 0.0828125
2 0.03747072599531616 0.4671875 0.07494145199063232 0.090625
5 0.31381733021077285 0.403125 0.09836065573770492 0.0546875
2 0.8571428571428571 0.375 0.08665105386416862 0.025
2 0.16276346604215455 0.4453125 0.07962529274004684 0.0671875
2 0.7810304449648712 0.36640625 0.06791569086651054 0.0171875
0 0.6744730679156908 0.41328125 0.02576112412177986 0.0265625
0 0.522248243559719 0.5578125 0.06323185011709602 0.071875
0 0.5796252927400468 0.39765625 0.03044496487119438 0.0296875