2 0.85234375 0.2687793427230047 0.059375 0.03755868544600939
2 0.7546875 0.23708920187793428 0.028125 0.025821596244131457
2 0.71484375 0.23591549295774647 0.0296875 0.03051643192488263
2 0.1515625 0.20422535211267606 0.0296875 0.03051643192488263
2 0.83203125 0.24530516431924881 0.01875 0.018779342723004695
2 0.58828125 0.22183098591549297 0.0234375 0.01643192488262911
2 0.8828125 0.2664319248826291 0.046875 0.04225352112676056
2 0.69140625 0.2347417840375587 0.028125 0.028169014084507043
2 0.953125 0.27816901408450706 0.0734375 0.04460093896713615
2 0.5625 0.22769953051643194 0.0234375 0.02112676056338028
2 0.6109375 0.2312206572769953 0.03125 0.023474178403755867
2 0.78671875 0.24295774647887325 0.0265625 0.028169014084507043
2 0.8015625 0.22769953051643194 0.01875 0.011737089201877934