4 0.357 0.6881868131868132 0.658 0.6236263736263736
4 0.818 0.31868131868131866 0.066 0.13736263736263737
4 0.064 0.3901098901098901 0.122 0.1401098901098901
4 0.511 0.29945054945054944 0.076 0.057692307692307696
4 0.362 0.32005494505494503 0.12 0.0989010989010989
4 0.126 0.37225274725274726 0.114 0.1565934065934066
4 0.26 0.34615384615384615 0.152 0.11538461538461539
4 0.837 0.3021978021978022 0.042 0.0989010989010989
4 0.024 0.43131868131868134 0.048 0.15384615384615385
4 0.807 0.41483516483516486 0.048 0.12087912087912088
4 0.849 0.2980769230769231 0.038 0.07692307692307693
4 0.415 0.3228021978021978 0.052 0.07417582417582418
4 0.764 0.42857142857142855 0.116 0.2445054945054945