4 0.5359375 0.6150234741784038 0.0375 0.04929577464788732
4 0.42890625 0.6220657276995305 0.040625 0.06103286384976526
2 0.7 0.5539906103286385 0.0609375 0.06572769953051644
2 0.56328125 0.7394366197183099 0.1265625 0.13380281690140844
2 0.83359375 0.5492957746478874 0.0546875 0.0539906103286385
2 0.85234375 0.47417840375586856 0.04375 0.04225352112676056
2 0.39765625 0.5070422535211268 0.065625 0.046948356807511735
2 0.1234375 0.5786384976525821 0.109375 0.06807511737089202
2 0.30078125 0.7723004694835681 0.1578125 0.14788732394366197
2 0.9578125 0.47183098591549294 0.0390625 0.04225352112676056
2 0.1765625 0.9436619718309859 0.2140625 0.11267605633802817
2 0.0390625 0.5528169014084507 0.078125 0.0539906103286385
2 0.7078125 0.43896713615023475 0.03125 0.02112676056338028
2 0.91015625 0.45305164319248825 0.03125 0.025821596244131457
2 0.553125 0.4647887323943662 0.0453125 0.03990610328638498