0 0.55625 0.7541176470588236 0.146875 0.30823529411764705
2 0.1796875 0.25176470588235295 0.2078125 0.15058823529411763
2 0.92421875 0.2376470588235294 0.0453125 0.08705882352941176
5 0.85078125 0.18352941176470589 0.0828125 0.15058823529411763
2 0.646875 0.19411764705882353 0.0265625 0.03058823529411765
2 0.690625 0.19176470588235295 0.0203125 0.03529411764705882
2 0.26171875 0.21764705882352942 0.078125 0.07294117647058823
2 0.65625 0.17411764705882352 0.015625 0.01647058823529412
0 0.72109375 0.23647058823529413 0.0453125 0.05647058823529412
0 0.89140625 0.26705882352941174 0.025 0.047058823529411764
2 0.78203125 0.2011764705882353 0.084375 0.16941176470588235
2 0.7234375 0.19176470588235295 0.0234375 0.03294117647058824
5 0.39765625 0.2388235294117647 0.1234375 0.15294117647058825