2 0.60546875 0.7096018735362998 0.2734375 0.3325526932084309
2 0.48828125 0.5889929742388759 0.059375 0.08196721311475409
2 0.32265625 0.5772833723653396 0.0828125 0.08665105386416862
2 0.728125 0.5772833723653396 0.053125 0.07728337236533958
2 0.49375 0.5421545667447307 0.0453125 0.01873536299765808
2 0.40703125 0.5866510538641686 0.0703125 0.0702576112412178
2 0.4375 0.5761124121779859 0.04375 0.0585480093676815
2 0.8328125 0.5538641686182669 0.025 0.01405152224824356
2 0.76640625 0.5562060889929742 0.0265625 0.01639344262295082
2 0.915625 0.550351288056206 0.0796875 0.0234192037470726
2 0.36796875 0.5807962529274004 0.0328125 0.07259953161592506