2 0.26796875 0.49895833333333334 0.034375 0.035416666666666666
2 0.296875 0.48854166666666665 0.0265625 0.029166666666666667
2 0.28515625 0.49270833333333336 0.021875 0.027083333333333334
2 0.0203125 0.50625 0.040625 0.03125
2 0.49921875 0.48020833333333335 0.021875 0.022916666666666665
2 0.31015625 0.46875 0.015625 0.016666666666666666
2 0.228125 0.475 0.0265625 0.022916666666666665
2 0.1578125 0.48333333333333334 0.0125 0.016666666666666666
2 0.24609375 0.475 0.015625 0.022916666666666665
2 0.26484375 0.475 0.0203125 0.01875
2 0.4703125 0.4708333333333333 0.0203125 0.016666666666666666
2 0.19609375 0.47708333333333336 0.025 0.03125
2 0.278125 0.471875 0.0140625 0.014583333333333334