4 0.6 0.66875 0.4859375 0.45625
4 0.78671875 0.3416666666666667 0.0453125 0.075
0 0.50859375 0.35625 0.1234375 0.19791666666666666
0 0.46328125 0.3802083333333333 0.1 0.16458333333333333
0 0.55078125 0.321875 0.103125 0.1375
0 0.778125 0.33541666666666664 0.0578125 0.05416666666666667
0 0.640625 0.3458333333333333 0.034375 0.09166666666666666
0 0.61171875 0.38958333333333334 0.0953125 0.18333333333333332
0 0.759375 0.34479166666666666 0.0671875 0.07916666666666666
2 0.7546875 0.22604166666666667 0.1046875 0.08333333333333333
0 0.6171875 0.30520833333333336 0.0796875 0.09791666666666667