2 0.07578125 0.7833723653395784 0.034375 0.02576112412177986
2 0.12265625 0.7704918032786885 0.0328125 0.02576112412177986
2 0.115625 0.7962529274004684 0.040625 0.01639344262295082
2 0.18046875 0.7365339578454333 0.028125 0.02576112412177986
2 0.09765625 0.765807962529274 0.0203125 0.01639344262295082
2 0.3421875 0.7002341920374707 0.021875 0.0234192037470726
5 0.2234375 0.6932084309133489 0.0234375 0.03044496487119438
2 0.05234375 0.8185011709601874 0.0421875 0.0351288056206089
2 0.1171875 0.8173302107728337 0.0453125 0.0351288056206089
2 0.17890625 0.7962529274004684 0.04375 0.03044496487119438
2 0.3609375 0.6721311475409836 0.0203125 0.02107728337236534
2 0.14375 0.8360655737704918 0.0421875 0.03044496487119438
2 0.04140625 0.7540983606557377 0.028125 0.03278688524590164
5 0.053125 0.8185011709601874 0.0421875 0.03044496487119438
2 0.12109375 0.7564402810304449 0.01875 0.01405152224824356