2 0.678125 0.9046875 0.17708333333333334 0.1046875
1 0.37916666666666665 0.75703125 0.26666666666666666 0.2921875
1 0.6729166666666667 0.54453125 0.19791666666666666 0.16875
2 0.5083333333333333 0.5 0.05 0.0390625
2 0.5072916666666667 0.39609375 0.03125 0.028125
2 0.5364583333333334 0.36171875 0.0375 0.01875
5 0.35 0.57421875 0.08333333333333333 0.0828125
5 0.48333333333333334 0.4109375 0.0375 0.0375
5 0.575 0.3484375 0.025 0.0296875
2 0.9625 0.89140625 0.075 0.1125
2 0.478125 0.46015625 0.03958333333333333 0.03125
2 0.5104166666666666 0.2171875 0.00625 0.003125