2 0.640625 0.7472222222222222 0.1859375 0.14166666666666666
2 0.9265625 0.7236111111111111 0.0734375 0.06388888888888888
2 0.99296875 0.6847222222222222 0.0140625 0.044444444444444446
2 0.7265625 0.7125 0.040625 0.06944444444444445
4 0.4859375 0.7916666666666666 0.2609375 0.3333333333333333
2 0.865625 0.7138888888888889 0.0609375 0.06666666666666667
2 0.6859375 0.7055555555555556 0.04375 0.025
2 0.79375 0.7180555555555556 0.034375 0.05277777777777778
2 0.909375 0.6916666666666667 0.0421875 0.030555555555555555
2 0.0578125 0.7111111111111111 0.0421875 0.09444444444444444
2 0.80703125 0.6958333333333333 0.0609375 0.030555555555555555
2 0.67265625 0.7 0.0703125 0.03611111111111111