0 0.73984375 0.6793981481481481 0.1625 0.21064814814814814
0 0.67109375 0.4027777777777778 0.0484375 0.06712962962962964
0 0.725 0.40625 0.05 0.06018518518518518
0 0.9640625 0.38657407407407407 0.0375 0.03009259259259259
0 0.8375 0.41087962962962965 0.0359375 0.0625
0 0.88125 0.4166666666666667 0.0703125 0.09490740740740741
0 0.83984375 0.38078703703703703 0.0296875 0.037037037037037035
0 0.77890625 0.38310185185185186 0.015625 0.032407407407407406
0 0.20859375 0.6770833333333334 0.1265625 0.24537037037037038
0 0.24375 0.5555555555555556 0.05625 0.05092592592592592
0 0.1 0.5196759259259259 0.2 0.25462962962962965
0 0.2078125 0.6643518518518519 0.13125 0.2638888888888889
0 0.81328125 0.4513888888888889 0.0796875 0.0763888888888889