2 0.74453125 0.6525821596244131 0.159375 0.2300469483568075
2 0.625 0.6232394366197183 0.0875 0.10093896713615023
2 0.4421875 0.5880281690140845 0.0296875 0.035211267605633804
2 0.928125 0.6208920187793427 0.0921875 0.13380281690140844
2 0.39453125 0.5880281690140845 0.028125 0.03990610328638498
4 0.31328125 0.8368544600938967 0.1703125 0.27230046948356806
4 0.3484375 0.6584507042253521 0.046875 0.10093896713615023
4 0.25703125 0.6643192488262911 0.05 0.09154929577464789
4 0.41640625 0.6913145539906104 0.059375 0.13849765258215962
2 0.2671875 0.596244131455399 0.0703125 0.08450704225352113
4 0.38359375 0.6326291079812206 0.028125 0.07746478873239436
4 0.290625 0.607981220657277 0.0140625 0.02112676056338028