4 0.47707423580786024 0.77421875 0.259825327510917 0.3765625
4 0.6157205240174672 0.74140625 0.2445414847161572 0.2328125
4 0.7434497816593887 0.67578125 0.16375545851528384 0.153125
4 0.767467248908297 0.6328125 0.15283842794759825 0.0890625
4 0.6975982532751092 0.69140625 0.17248908296943233 0.25
4 0.8078602620087336 0.5984375 0.1703056768558952 0.090625
4 0.7947598253275109 0.6390625 0.13973799126637554 0.1015625
4 0.8078602620087336 0.5875 0.12882096069868995 0.034375
4 0.824235807860262 0.63984375 0.1091703056768559 0.065625
4 0.8307860262008734 0.59609375 0.1331877729257642 0.0734375
4 0.8548034934497817 0.5921875 0.1091703056768559 0.0734375