2 0.18984375 0.2972972972972973 0.040625 0.05630630630630631
4 0.6734375 0.8063063063063063 0.4921875 0.36486486486486486
4 0.4203125 0.8130630630630631 0.2203125 0.3490990990990991
4 0.40546875 0.7556306306306306 0.490625 0.46396396396396394
4 0.25390625 0.6587837837837838 0.275 0.5382882882882883
4 0.109375 0.4774774774774775 0.08125 0.13513513513513514
4 0.90234375 0.4403153153153153 0.1921875 0.268018018018018
4 0.80546875 0.4099099099099099 0.1828125 0.23648648648648649
4 0.171875 0.5371621621621622 0.1984375 0.3108108108108108
4 0.14609375 0.42567567567567566 0.14375 0.16216216216216217
5 0.20234375 0.2533783783783784 0.1546875 0.08333333333333333
4 0.17578125 0.5337837837837838 0.178125 0.36036036036036034
4 0.83046875 0.8817567567567568 0.3390625 0.2072072072072072
4 0.47421875 0.36711711711711714 0.04375 0.1463963963963964
4 0.7375 0.6621621621621622 0.271875 0.1981981981981982
5 0.18984375 0.2882882882882883 0.0453125 0.06306306306306306