2 0.76171875 0.6156542056074766 0.0109375 0.018691588785046728
2 0.77578125 0.6133177570093458 0.0171875 0.009345794392523364
2 0.80390625 0.6179906542056075 0.0125 0.016355140186915886
2 0.78984375 0.6156542056074766 0.0125 0.018691588785046728
2 0.74375 0.6121495327102804 0.0140625 0.011682242990654205
2 0.73125 0.616822429906542 0.009375 0.016355140186915886
2 0.66171875 0.616822429906542 0.009375 0.011682242990654205
2 0.7171875 0.6191588785046729 0.0125 0.014018691588785047
2 0.25390625 0.6144859813084113 0.0203125 0.014018691588785047
2 0.70390625 0.6203271028037384 0.0109375 0.009345794392523364
2 0.4921875 0.6133177570093458 0.015625 0.011682242990654205
2 0.68671875 0.6179906542056075 0.0109375 0.016355140186915886
2 0.5921875 0.6144859813084113 0.0203125 0.014018691588785047