2 0.59609375 0.5 0.0390625 0.04387990762124711
2 0.9796875 0.625866050808314 0.040625 0.20323325635103925
2 0.62890625 0.4722863741339492 0.015625 0.025404157043879907
2 0.6421875 0.48614318706697457 0.0265625 0.03464203233256351
2 0.5875 0.45265588914549654 0.009375 0.011547344110854504
2 0.596875 0.47575057736720555 0.025 0.016166281755196306
2 0.61328125 0.4468822170900693 0.009375 0.009237875288683603
2 0.5453125 0.6339491916859122 0.03125 0.14318706697459585
1 0.7015625 0.4515011547344111 0.0953125 0.14549653579676675
2 0.59765625 0.4457274826789838 0.0109375 0.009237875288683603
2 0.625 0.4618937644341801 0.0109375 0.018475750577367205