1 0.70390625 0.7758620689655172 0.2375 0.26939655172413796
2 0.09609375 0.8254310344827587 0.0734375 0.07758620689655173
2 0.128125 0.7866379310344828 0.0890625 0.05818965517241379
2 0.84375 0.78125 0.05 0.023706896551724137
2 0.51796875 0.8211206896551724 0.10625 0.07112068965517242
2 0.32421875 0.790948275862069 0.0703125 0.0625
2 0.04609375 0.7855603448275862 0.0890625 0.04310344827586207
2 0.20703125 0.7898706896551724 0.0671875 0.05818965517241379
2 0.9484375 0.8254310344827587 0.103125 0.07758620689655173
2 0.43359375 0.7974137931034483 0.0515625 0.04956896551724138
2 0.81953125 0.7747844827586207 0.03125 0.03017241379310345
2 0.23125 0.7823275862068966 0.0375 0.03017241379310345
2 0.028125 0.8125 0.0546875 0.05172413793103448