2 0.25390625 0.7347222222222223 0.50625 0.5
2 0.56796875 0.7069444444444445 0.209375 0.39444444444444443
2 0.7296875 0.5625 0.0859375 0.1527777777777778
2 0.6703125 0.6083333333333333 0.134375 0.2222222222222222
2 0.79609375 0.5166666666666667 0.015625 0.08888888888888889
2 0.49296875 0.5333333333333333 0.084375 0.08055555555555556
2 0.80546875 0.49722222222222223 0.0375 0.08055555555555556
2 0.81171875 0.47638888888888886 0.0484375 0.06388888888888888
2 0.40859375 0.5486111111111112 0.1359375 0.09444444444444444
2 0.8375 0.4597222222222222 0.0125 0.027777777777777776
2 0.69296875 0.48333333333333334 0.021875 0.03888888888888889
1 0.7515625 0.5097222222222222 0.078125 0.16111111111111112