2 0.6140625 0.6791569086651054 0.0953125 0.07494145199063232
2 0.75703125 0.6311475409836066 0.021875 0.08430913348946135
2 0.825 0.5749414519906323 0.0328125 0.03981264637002342
2 0.5171875 0.6756440281030445 0.0640625 0.04449648711943794
2 0.03125 0.7236533957845434 0.0609375 0.06557377049180328
2 0.20625 0.702576112412178 0.0609375 0.0585480093676815
2 0.85234375 0.6370023419203747 0.046875 0.06323185011709602
2 0.73828125 0.5644028103044496 0.0359375 0.04449648711943794
2 0.68828125 0.6779859484777517 0.034375 0.05152224824355972
2 0.5546875 0.6791569086651054 0.0484375 0.05620608899297424
2 0.07578125 0.7271662763466042 0.025 0.04215456674473068
2 0.509375 0.6955503512880562 0.075 0.05620608899297424
5 0.73828125 0.5644028103044496 0.03125 0.0585480093676815
5 0.7578125 0.6288056206088993 0.021875 0.07728337236533958