2 0.62734375 0.759375 0.1640625 0.19166666666666668
2 0.3125 0.7229166666666667 0.0546875 0.052083333333333336
2 0.384375 0.6864583333333333 0.0171875 0.027083333333333334
2 0.40234375 0.678125 0.021875 0.022916666666666665
2 0.3171875 0.703125 0.0484375 0.05
2 0.54296875 0.7510416666666667 0.05 0.10625
2 0.1859375 0.721875 0.0609375 0.07083333333333333
2 0.378125 0.69375 0.0140625 0.027083333333333334
2 0.2671875 0.6989583333333333 0.0203125 0.06041666666666667
2 0.425 0.6791666666666667 0.025 0.029166666666666667
5 0.52578125 0.6833333333333333 0.0390625 0.03958333333333333
5 0.71875 0.7385416666666667 0.0640625 0.1
5 0.1875 0.725 0.065625 0.07083333333333333
2 0.446875 0.675 0.015625 0.01875
5 0.21953125 0.7145833333333333 0.0421875 0.06458333333333334
5 0.53671875 0.6510416666666666 0.0359375 0.016666666666666666
5 0.3390625 0.690625 0.0453125 0.06458333333333334
5 0.4234375 0.671875 0.021875 0.03125
5 0.921875 0.6520833333333333 0.015625 0.014583333333333334