2 0.06206088992974239 0.48515625 0.12412177985948478 0.0875
2 0.13348946135831383 0.478125 0.07962529274004684 0.06875
2 0.23185011709601874 0.46328125 0.06323185011709602 0.0421875
2 0.30327868852459017 0.45390625 0.02576112412177986 0.0328125
2 0.32201405152224827 0.44375 0.0585480093676815 0.034375
2 0.6639344262295082 0.4640625 0.12177985948477751 0.0546875
2 0.4519906323185012 0.440625 0.03981264637002342 0.021875
2 0.572599531615925 0.453125 0.03981264637002342 0.0328125
2 0.6100702576112412 0.4609375 0.04215456674473068 0.0390625
2 0.17330210772833723 0.4703125 0.0936768149882904 0.0578125
2 0.382903981264637 0.446875 0.04918032786885246 0.0265625
2 0.5433255269320844 0.4453125 0.03044496487119438 0.0234375
2 0.3091334894613583 0.4484375 0.03747072599531616 0.03125