0 0.7 0.8403041825095057 0.0578125 0.07984790874524715
0 0.8828125 0.7167300380228137 0.0328125 0.07984790874524715
4 0.365625 0.5779467680608364 0.03125 0.06463878326996197
4 0.396875 0.5703422053231939 0.0328125 0.07604562737642585
4 0.45625 0.5627376425855514 0.0328125 0.060836501901140684
4 0.484375 0.5570342205323194 0.028125 0.060836501901140684
0 0.97109375 0.6387832699619772 0.0265625 0.07224334600760456
0 0.76171875 0.8079847908745247 0.04375 0.12927756653992395
4 0.51953125 0.5532319391634981 0.03125 0.060836501901140684
4 0.5296875 0.5608365019011406 0.028125 0.045627376425855515
4 0.5765625 0.5418250950570342 0.021875 0.057034220532319393
4 0.58984375 0.5304182509505704 0.03125 0.060836501901140684
4 0.2578125 0.5722433460076045 0.03125 0.057034220532319393
4 0.22421875 0.591254752851711 0.025 0.07984790874524715
4 0.5546875 0.5380228136882129 0.03125 0.08365019011406843
4 0.33359375 0.5779467680608364 0.025 0.07984790874524715
0 0.68046875 0.870722433460076 0.053125 0.09505703422053231
0 0.79375 0.7832699619771863 0.046875 0.08365019011406843
4 0.6453125 0.5209125475285171 0.021875 0.060836501901140684