2 0.387 0.48933333333333334 0.054 0.04
2 0.42 0.48533333333333334 0.046 0.04
2 0.307 0.47333333333333333 0.042 0.02666666666666667
2 0.214 0.464 0.06 0.042666666666666665
2 0.599 0.45866666666666667 0.038 0.032
2 0.707 0.436 0.032 0.021333333333333333
2 0.664 0.448 0.04 0.016
2 0.285 0.45866666666666667 0.026 0.010666666666666666
2 0.251 0.47733333333333333 0.074 0.037333333333333336
2 0.318 0.44266666666666665 0.022 0.02666666666666667
2 0.368 0.45466666666666666 0.014 0.02666666666666667
2 0.617 0.448 0.024 0.018666666666666668
2 0.571 0.44266666666666665 0.028 0.016