0 0.4609375 0.821875 0.0703125 0.23958333333333334
0 0.415625 0.8625 0.0421875 0.2604166666666667
0 0.2609375 0.8666666666666667 0.05 0.22291666666666668
0 0.196875 0.6104166666666667 0.04375 0.05
2 0.5984375 0.6208333333333333 0.103125 0.10208333333333333
2 0.2875 0.5583333333333333 0.0453125 0.04791666666666667
2 0.2296875 0.5625 0.028125 0.035416666666666666
2 0.1703125 0.565625 0.1078125 0.06041666666666667
1 0.44375 0.5354166666666667 0.2171875 0.21041666666666667
5 0.81328125 0.5916666666666667 0.3734375 0.7979166666666667
5 0.26796875 0.5416666666666666 0.0375 0.05416666666666667
5 0.21015625 0.5302083333333333 0.034375 0.0625
0 0.328125 0.7020833333333333 0.0859375 0.03333333333333333
5 0.28828125 0.5604166666666667 0.04375 0.05
0 0.34765625 0.8104166666666667 0.1203125 0.22708333333333333
0 0.31953125 0.7572916666666667 0.0578125 0.09166666666666666