2 0.776 0.9413333333333334 0.072 0.058666666666666666
2 0.856 0.928 0.036 0.034666666666666665
2 0.458 0.912 0.008 0.010666666666666666
2 0.497 0.9106666666666666 0.018 0.018666666666666668
5 0.943 0.9026666666666666 0.056 0.088
2 0.469 0.9106666666666666 0.016 0.013333333333333334
5 0.901 0.9053333333333333 0.034 0.064
5 0.376 0.9066666666666666 0.038 0.024
5 0.312 0.9013333333333333 0.028 0.010666666666666666
2 0.1 0.9306666666666666 0.2 0.12533333333333332
2 0.442 0.908 0.024 0.021333333333333333
2 0.977 0.9253333333333333 0.012 0.010666666666666666