2 0.428125 0.6291666666666667 0.0484375 0.025
2 0.48203125 0.6260416666666667 0.03125 0.022916666666666665
2 0.7484375 0.6270833333333333 0.0515625 0.027083333333333334
2 0.696875 0.625 0.0390625 0.01875
2 0.46171875 0.6302083333333334 0.0390625 0.027083333333333334
2 0.5671875 0.6291666666666667 0.0265625 0.025
5 0.96328125 0.6229166666666667 0.059375 0.027083333333333334
5 0.45546875 0.628125 0.0296875 0.025
5 0.34765625 0.625 0.053125 0.03333333333333333
2 0.6671875 0.6270833333333333 0.0328125 0.027083333333333334
2 0.3171875 0.6302083333333334 0.175 0.022916666666666665
2 0.85078125 0.6260416666666667 0.034375 0.022916666666666665
2 0.89609375 0.6260416666666667 0.0171875 0.020833333333333332
2 0.81953125 0.6260416666666667 0.0421875 0.022916666666666665
2 0.19140625 0.6333333333333333 0.0265625 0.016666666666666666