2 0.713 0.7846975088967971 0.322 0.3701067615658363
2 0.538 0.6548042704626335 0.088 0.12455516014234876
2 0.39 0.6459074733096085 0.056 0.0711743772241993
2 0.353 0.6103202846975089 0.034 0.042704626334519574
2 0.081 0.6174377224199288 0.06 0.08540925266903915
2 0.887 0.6886120996441281 0.094 0.07829181494661921
2 0.432 0.6263345195729537 0.038 0.0711743772241993
2 0.973 0.697508896797153 0.054 0.09608540925266904
2 0.629 0.6494661921708185 0.116 0.12455516014234876
2 0.159 0.5925266903914591 0.042 0.06405693950177936
5 0.333 0.5729537366548043 0.034 0.060498220640569395
2 0.461 0.603202846975089 0.032 0.03202846975088968
5 0.26 0.6761565836298933 0.124 0.22419928825622776