5 0.8296875 0.7 0.2515625 0.18461538461538463
2 0.66640625 0.7461538461538462 0.1171875 0.09487179487179487
2 0.29609375 0.7397435897435898 0.0578125 0.0641025641025641
2 0.7875 0.7602564102564102 0.1109375 0.13076923076923078
2 0.32578125 0.7 0.025 0.028205128205128206
2 0.79765625 0.7833333333333333 0.078125 0.15128205128205127
2 0.09765625 0.7602564102564102 0.053125 0.09487179487179487
2 0.87109375 0.8807692307692307 0.140625 0.18205128205128204
2 0.18046875 0.7602564102564102 0.1359375 0.16666666666666666
2 0.346875 0.6782051282051282 0.021875 0.028205128205128206
2 0.96640625 0.9 0.0671875 0.17435897435897435
5 0.5765625 0.717948717948718 0.0671875 0.11025641025641025
2 0.32265625 0.6641025641025641 0.0171875 0.03076923076923077
5 0.8734375 0.7576923076923077 0.1203125 0.14615384615384616
5 0.34921875 0.6358974358974359 0.0171875 0.03333333333333333