2 0.2930513595166163 0.907 0.16012084592145015 0.034
2 0.045317220543806644 0.893 0.045317220543806644 0.022
2 0.07854984894259819 0.906 0.08459214501510574 0.028
2 0.1268882175226586 0.883 0.0513595166163142 0.02
2 0.25075528700906347 0.895 0.10876132930513595 0.036
2 0.4350453172205438 0.888 0.054380664652567974 0.014
2 0.14954682779456194 0.901 0.04833836858006042 0.026
2 0.3429003021148036 0.885 0.03927492447129909 0.016
2 0.6676737160120846 0.879 0.03323262839879154 0.012
2 0.7824773413897281 0.88 0.04229607250755287 0.018
2 0.716012084592145 0.878 0.04229607250755287 0.01