2 0.32578125 0.9177545691906005 0.1328125 0.16449086161879894
1 0.21875 0.7519582245430809 0.2328125 0.1671018276762402
1 0.06171875 0.7023498694516971 0.096875 0.10966057441253264
1 0.3796875 0.7245430809399478 0.2109375 0.1174934725848564
1 0.41328125 0.706266318537859 0.2640625 0.12010443864229765
1 0.63515625 0.6736292428198434 0.2 0.09399477806788512
1 0.4421875 0.6866840731070496 0.2984375 0.13315926892950392
5 0.63984375 0.8825065274151436 0.1484375 0.16449086161879894
2 0.971875 0.674934725848564 0.05625 0.05221932114882506
5 0.834375 0.6305483028720626 0.0796875 0.06527415143603134
2 0.9109375 0.6057441253263708 0.028125 0.02349869451697128
2 0.8796875 0.6096605744125326 0.0296875 0.02610966057441253
2 0.27578125 0.6057441253263708 0.0140625 0.031331592689295036
2 0.98984375 0.6174934725848564 0.0203125 0.02349869451697128
1 0.446875 0.6318537859007833 0.1078125 0.02610966057441253