2 0.78671875 0.6957328385899815 0.0859375 0.07606679035250463
2 0.6140625 0.6938775510204082 0.0578125 0.04638218923933209
2 0.5484375 0.6679035250463822 0.01875 0.016697588126159554
2 0.5625 0.6576994434137291 0.0140625 0.011131725417439703
2 0.73984375 0.673469387755102 0.0265625 0.029684601113172542
2 0.6609375 0.647495361781076 0.0171875 0.016697588126159554
2 0.59921875 0.6521335807050093 0.015625 0.012987012987012988
5 0.12265625 0.7272727272727273 0.1171875 0.13358070500927643
2 0.30390625 0.6753246753246753 0.0234375 0.022263450834879406
2 0.1375 0.6641929499072357 0.0390625 0.027829313543599257
2 0.6125 0.6521335807050093 0.0125 0.012987012987012988