2 0.6390625 0.621875 0.096875 0.09583333333333334
2 0.91640625 0.6354166666666666 0.0984375 0.09583333333333334
2 0.809375 0.6145833333333334 0.075 0.08541666666666667
2 0.98046875 0.6625 0.0390625 0.10833333333333334
2 0.853125 0.6166666666666667 0.1046875 0.0875
2 0.73359375 0.5947916666666667 0.0625 0.08125
2 0.70625 0.5927083333333333 0.034375 0.07708333333333334
2 0.74296875 0.60625 0.034375 0.075
2 0.49921875 0.5729166666666666 0.0484375 0.06041666666666667
2 0.47578125 0.5666666666666667 0.01875 0.05416666666666667
2 0.95703125 0.6447916666666667 0.0859375 0.11041666666666666
5 0.5953125 0.5552083333333333 0.084375 0.10416666666666667
5 0.7984375 0.6 0.0953125 0.10208333333333333
2 0.41640625 0.5604166666666667 0.009375 0.027083333333333334