2 0.2625 0.8924581005586593 0.0890625 0.06983240223463687
2 0.20859375 0.8687150837988827 0.075 0.0782122905027933
2 0.94765625 0.8365921787709497 0.05 0.055865921787709494
2 0.1328125 0.8575418994413407 0.0484375 0.05027932960893855
1 0.78828125 0.803072625698324 0.2734375 0.24022346368715083
2 0.55234375 0.8994413407821229 0.1875 0.12011173184357542
2 0.10703125 0.8449720670391061 0.0375 0.05865921787709497
2 0.0734375 0.8449720670391061 0.0328125 0.0446927374301676
2 0.159375 0.8701117318435754 0.0421875 0.04748603351955307
2 0.04609375 0.8365921787709497 0.0375 0.04748603351955307
2 0.0359375 0.8310055865921788 0.0296875 0.03910614525139665
2 0.9796875 0.8268156424581006 0.0390625 0.04748603351955307