2 0.60703125 0.7247058823529412 0.1734375 0.2964705882352941
2 0.11484375 0.6258823529411764 0.215625 0.17647058823529413
2 0.44140625 0.5352941176470588 0.1390625 0.08235294117647059
2 0.51953125 0.5752941176470588 0.121875 0.13176470588235295
2 0.4203125 0.4470588235294118 0.0359375 0.018823529411764704
2 0.096875 0.49176470588235294 0.115625 0.05411764705882353
2 0.34296875 0.6282352941176471 0.2859375 0.22823529411764706
2 0.2296875 0.4588235294117647 0.0625 0.04941176470588235
2 0.4 0.4717647058823529 0.046875 0.047058823529411764
2 0.06796875 0.5564705882352942 0.1359375 0.10352941176470588
5 0.340625 0.39647058823529413 0.028125 0.03529411764705882
2 0.3390625 0.43176470588235294 0.028125 0.02823529411764706
5 0.30078125 0.45647058823529413 0.0625 0.06588235294117648
2 0.4703125 0.4647058823529412 0.0375 0.03764705882352941