2 0.9734375 0.4791666666666667 0.053125 0.08125
2 0.18515625 0.49166666666666664 0.190625 0.11041666666666666
2 0.94453125 0.4427083333333333 0.0234375 0.029166666666666667
2 0.9796875 0.43645833333333334 0.040625 0.014583333333333334
4 0.175 0.596875 0.1703125 0.26666666666666666
4 0.70078125 0.4875 0.0671875 0.12083333333333333
4 0.6046875 0.4895833333333333 0.0578125 0.11666666666666667
4 0.83984375 0.46979166666666666 0.03125 0.05625
4 0.80234375 0.4822916666666667 0.03125 0.058333333333333334
4 0.91953125 0.4479166666666667 0.0296875 0.0375
4 0.66640625 0.49270833333333336 0.0359375 0.07083333333333333
4 0.74453125 0.48541666666666666 0.04375 0.09583333333333334
4 0.76640625 0.48541666666666666 0.0203125 0.07291666666666667
4 0.77890625 0.484375 0.0234375 0.06041666666666667
4 0.87265625 0.459375 0.01875 0.041666666666666664
4 0.890625 0.44895833333333335 0.0234375 0.041666666666666664
5 0.646875 0.46041666666666664 0.059375 0.07708333333333334