2 0.6765625 0.563231850117096 0.2453125 0.2576112412177986
2 0.18359375 0.5913348946135831 0.196875 0.20608899297423888
2 0.1390625 0.4215456674473068 0.090625 0.12646370023419204
2 0.07578125 0.45901639344262296 0.1015625 0.1405152224824356
2 0.5625 0.46252927400468385 0.1453125 0.13114754098360656
2 0.76328125 0.5070257611241218 0.103125 0.13817330210772832
2 0.89375 0.47540983606557374 0.1234375 0.11475409836065574
2 0.96484375 0.4894613583138173 0.0703125 0.13348946135831383
2 0.0296875 0.5480093676814989 0.059375 0.27400468384074944
2 0.68359375 0.4133489461358314 0.0921875 0.0585480093676815
5 0.1375 0.4203747072599532 0.0921875 0.1288056206088993
5 0.94609375 0.41451990632318503 0.1078125 0.08899297423887588
2 0.77109375 0.46604215456674475 0.146875 0.13348946135831383
5 0.43984375 0.39695550351288056 0.1 0.06088992974238876
5 0.85390625 0.41569086651053866 0.115625 0.08430913348946135
5 0.29140625 0.29508196721311475 0.096875 0.0351288056206089