2 0.9190751445086706 0.31015625 0.10597302504816955 0.0296875
2 0.7996146435452793 0.32265625 0.05009633911368015 0.034375
2 0.9662813102119461 0.29609375 0.04816955684007707 0.01875
2 0.7822736030828517 0.3140625 0.09441233140655106 0.04375
2 0.7283236994219653 0.31328125 0.05394990366088632 0.0125
2 0.8554913294797688 0.30234375 0.05973025048169557 0.01875
2 0.9865125240847784 0.31171875 0.02697495183044316 0.0203125
4 0.41714836223506746 0.45390625 0.3911368015414258 0.5625
4 0.6416184971098265 0.3703125 0.1926782273603083 0.103125
2 0.014450867052023121 0.34921875 0.028901734104046242 0.009375
2 0.2842003853564547 0.34453125 0.055876685934489405 0.0421875
2 0.6685934489402697 0.325 0.046242774566473986 0.0265625
2 0.07803468208092486 0.35859375 0.02119460500963391 0.0203125
2 0.0953757225433526 0.34609375 0.06358381502890173 0.0078125