5 0.26953125 0.6666666666666666 0.034375 0.04583333333333333
5 0.303125 0.6666666666666666 0.0578125 0.058333333333333334
5 0.384375 0.6208333333333333 0.040625 0.04375
5 0.440625 0.5864583333333333 0.03125 0.041666666666666664
5 0.44296875 0.615625 0.0234375 0.029166666666666667
2 0.11484375 0.9645833333333333 0.0421875 0.035416666666666666
2 0.084375 0.9510416666666667 0.040625 0.03125
1 0.65625 0.6083333333333333 0.028125 0.03333333333333333
5 0.4765625 0.7614583333333333 0.0359375 0.041666666666666664
2 0.2265625 0.8885416666666667 0.0328125 0.027083333333333334
2 0.17890625 0.9385416666666667 0.034375 0.03125
2 0.1875 0.88125 0.034375 0.03333333333333333
2 0.2265625 0.9322916666666666 0.0421875 0.03125
2 0.2375 0.85 0.0296875 0.027083333333333334
2 0.26640625 0.8645833333333334 0.03125 0.027083333333333334
5 0.56796875 0.6770833333333334 0.034375 0.06666666666666667
5 0.62421875 0.63125 0.021875 0.022916666666666665
5 0.5390625 0.4979166666666667 0.0171875 0.022916666666666665
5 0.5 0.7135416666666666 0.0421875 0.05
5 0.2578125 0.6489583333333333 0.040625 0.04583333333333333
2 0.13359375 0.9177083333333333 0.0453125 0.03958333333333333
2 0.428125 0.64375 0.015625 0.014583333333333334
2 0.67421875 0.684375 0.0171875 0.016666666666666666
2 0.67109375 0.7197916666666667 0.021875 0.029166666666666667
2 0.4078125 0.7104166666666667 0.021875 0.016666666666666666
5 0.51015625 0.5614583333333333 0.01875 0.029166666666666667
1 0.06875 0.7979166666666667 0.0890625 0.07916666666666666
5 0.70859375 0.5604166666666667 0.015625 0.025