5 0.1140625 0.7864583333333334 0.1109375 0.14375
2 0.46171875 0.8708333333333333 0.2015625 0.14375
2 0.7234375 0.840625 0.13125 0.09166666666666666
2 0.62421875 0.8302083333333333 0.1140625 0.07916666666666666
2 0.54296875 0.8125 0.096875 0.08125
2 0.1828125 0.803125 0.0390625 0.06458333333333334
2 0.36875 0.7916666666666666 0.053125 0.06458333333333334
2 0.29765625 0.840625 0.14375 0.10833333333333334
2 0.253125 0.790625 0.0546875 0.029166666666666667
2 0.45859375 0.7791666666666667 0.096875 0.04375
2 0.32421875 0.778125 0.0453125 0.035416666666666666
2 0.2921875 0.7770833333333333 0.0359375 0.020833333333333332