2 0.05078125 0.4874476987447699 0.034375 0.01882845188284519
2 0.2296875 0.45188284518828453 0.0203125 0.010460251046025104
2 0.14453125 0.4320083682008368 0.0171875 0.010460251046025104
2 0.06796875 0.401673640167364 0.009375 0.014644351464435146
2 0.1203125 0.4205020920502092 0.0109375 0.010460251046025104
2 0.32109375 0.47280334728033474 0.0171875 0.008368200836820083
2 0.07265625 0.36610878661087864 0.009375 0.010460251046025104
2 0.071875 0.38493723849372385 0.009375 0.010460251046025104
2 0.18125 0.44037656903765693 0.0140625 0.008368200836820083
2 0.1046875 0.41422594142259417 0.0109375 0.012552301255230125
2 0.07890625 0.33368200836820083 0.015625 0.008368200836820083