2 0.1557377049180328 0.85390625 0.20374707259953162 0.10625
2 0.26346604215456676 0.78359375 0.07962529274004684 0.0453125
2 0.05035128805620609 0.759375 0.03747072599531616 0.015625
2 0.1053864168618267 0.75703125 0.02810304449648712 0.015625
2 0.24121779859484777 0.8078125 0.1053864168618267 0.0875
2 0.28337236533957844 0.76484375 0.07494145199063232 0.0234375
2 0.08430913348946135 0.75703125 0.0234192037470726 0.0125
2 0.13114754098360656 0.7578125 0.0234192037470726 0.0109375
2 0.18969555035128804 0.8265625 0.16159250585480095 0.0828125
2 0.18266978922716628 0.77890625 0.11475409836065574 0.0265625
2 0.2693208430913349 0.778125 0.08899297423887588 0.0421875
2 0.07142857142857142 0.7578125 0.02107728337236534 0.0125