2 0.2635416666666667 0.49296875 0.17916666666666667 0.0671875
2 0.09375 0.5 0.1875 0.1046875
2 0.43854166666666666 0.4796875 0.03125 0.0390625
1 0.609375 0.425 0.31666666666666665 0.23125
2 0.803125 0.46875 0.058333333333333334 0.03125
2 0.89375 0.446875 0.027083333333333334 0.0109375
2 0.915625 0.446875 0.029166666666666667 0.0140625
2 0.7708333333333334 0.45703125 0.025 0.0171875
5 0.0875 0.50078125 0.175 0.109375
2 0.825 0.46015625 0.029166666666666667 0.028125
2 0.9322916666666666 0.4453125 0.01875 0.0125
2 0.8447916666666667 0.4484375 0.03333333333333333 0.0125