4 0.15390625 0.7156862745098039 0.3078125 0.5465686274509803
4 0.32421875 0.7169117647058824 0.253125 0.5343137254901961
4 0.48125 0.7071078431372549 0.2328125 0.42401960784313725
4 0.56953125 0.7058823529411765 0.1609375 0.31862745098039214
4 0.63359375 0.6629901960784313 0.1625 0.3480392156862745
4 0.71875 0.6470588235294118 0.15625 0.3235294117647059
4 0.78359375 0.6397058823529411 0.1015625 0.27941176470588236
4 0.83203125 0.6299019607843137 0.1046875 0.2647058823529412
4 0.89296875 0.6458333333333334 0.096875 0.18872549019607843
4 0.89609375 0.5992647058823529 0.1359375 0.23774509803921567
4 0.9390625 0.5955882352941176 0.0703125 0.21568627450980393
4 0.9671875 0.5931372549019608 0.065625 0.18137254901960784