2 0.417 0.6651651651651652 0.082 0.07807807807807808
2 0.267 0.6066066066066066 0.026 0.02702702702702703
2 0.652 0.6726726726726727 0.086 0.08708708708708708
2 0.536 0.6711711711711712 0.08 0.0960960960960961
2 0.788 0.6786786786786787 0.102 0.08708708708708708
2 0.731 0.6801801801801802 0.054 0.08108108108108109
2 0.297 0.6651651651651652 0.038 0.04504504504504504
2 0.345 0.5525525525525525 0.018 0.024024024024024024
2 0.325 0.5330330330330331 0.018 0.018018018018018018
2 0.382 0.6681681681681682 0.018 0.07207207207207207
2 0.495 0.6741741741741741 0.028 0.07207207207207207
2 0.487 0.6696696696696697 0.054 0.08408408408408409