2 0.31796875 0.8894117647058823 0.075 0.0611764705882353
2 0.52265625 0.8952941176470588 0.0796875 0.08235294117647059
2 0.621875 0.9211764705882353 0.0984375 0.10588235294117647
2 0.4421875 0.9270588235294117 0.125 0.1411764705882353
2 0.11171875 0.9376470588235294 0.2234375 0.12470588235294118
2 0.2703125 0.8905882352941177 0.0609375 0.07294117647058823
2 0.47265625 0.8458823529411764 0.0484375 0.03764705882352941
2 0.40390625 0.8894117647058823 0.06875 0.09411764705882353
2 0.56484375 0.8776470588235294 0.0328125 0.0611764705882353
2 0.23125 0.9341176470588235 0.2171875 0.13176470588235295
2 0.228125 0.8552941176470589 0.0625 0.047058823529411764
1 0.61015625 0.8176470588235294 0.0640625 0.09411764705882353
2 0.3296875 0.951764705882353 0.1109375 0.09647058823529411