2 0.7867647058823529 0.5421875 0.01680672268907563 0.00625
2 0.5189075630252101 0.74921875 0.05042016806722689 0.0234375
2 0.06827731092436974 0.7015625 0.03361344537815126 0.0109375
5 0.5147058823529411 0.70703125 0.05672268907563025 0.0828125
5 0.47794117647058826 0.7046875 0.058823529411764705 0.0828125
2 0.2657563025210084 0.815625 0.05042016806722689 0.021875
2 0.058823529411764705 0.71875 0.0546218487394958 0.015625
2 0.7563025210084033 0.52734375 0.023109243697478993 0.0125
5 0.8697478991596639 0.89609375 0.13865546218487396 0.075
5 0.04831932773109244 0.78828125 0.05672268907563025 0.040625
5 0.6890756302521008 0.62890625 0.025210084033613446 0.021875
5 0.6144957983193278 0.6359375 0.05042016806722689 0.034375
5 0.328781512605042 0.86796875 0.10504201680672269 0.053125
2 0.06932773109243698 0.70703125 0.05042016806722689 0.01875