2 0.68515625 0.5104166666666666 0.6171875 0.6416666666666667
2 0.11328125 0.28958333333333336 0.2171875 0.12708333333333333
2 0.5046875 0.25416666666666665 0.18125 0.08958333333333333
2 0.1671875 0.22395833333333334 0.078125 0.07708333333333334
5 0.234375 0.21875 0.0984375 0.07708333333333334
5 0.23984375 0.16354166666666667 0.0953125 0.075
5 0.08671875 0.20833333333333334 0.1703125 0.11041666666666666
5 0.1640625 0.17083333333333334 0.0609375 0.05625
2 0.81953125 0.246875 0.1765625 0.08333333333333333
1 0.859375 0.365625 0.28125 0.22291666666666668
2 0.5203125 0.20416666666666666 0.0734375 0.03125