2 0.95859375 0.6009389671361502 0.0328125 0.04460093896713615
1 0.04453125 0.5821596244131455 0.0890625 0.2887323943661972
5 0.259375 0.5375586854460094 0.425 0.596244131455399
5 0.5453125 0.5375586854460094 0.190625 0.4272300469483568
5 0.6890625 0.5469483568075117 0.11875 0.3427230046948357
5 0.88359375 0.5669014084507042 0.021875 0.16666666666666666
5 0.8453125 0.562206572769953 0.0296875 0.2112676056338028
5 0.865625 0.5598591549295775 0.0171875 0.1807511737089202
5 0.81875 0.5551643192488263 0.034375 0.24178403755868544
5 0.9859375 0.5856807511737089 0.028125 0.08685446009389672
5 0.76875 0.5586854460093896 0.0765625 0.28169014084507044