0 0.1265625 0.6041666666666666 0.0140625 0.06458333333333334
0 0.9484375 0.696875 0.078125 0.1875
0 0.075 0.60625 0.0125 0.058333333333333334
2 0.771875 0.7135416666666666 0.328125 0.29583333333333334
2 0.659375 0.5854166666666667 0.2046875 0.15416666666666667
4 0.534375 0.8145833333333333 0.1953125 0.33541666666666664
4 0.3984375 0.7177083333333333 0.0578125 0.13958333333333334
4 0.33203125 0.709375 0.0640625 0.15208333333333332
4 0.278125 0.6833333333333333 0.0484375 0.11875
4 0.2046875 0.590625 0.03125 0.0625
2 0.04375 0.5229166666666667 0.0296875 0.03125
2 0.14453125 0.5208333333333334 0.0375 0.029166666666666667
2 0.57578125 0.5114583333333333 0.2375 0.1125
2 0.4140625 0.5479166666666667 0.0328125 0.04791666666666667
2 0.0140625 0.5322916666666667 0.0203125 0.03125
4 0.2328125 0.6083333333333333 0.015625 0.06041666666666667
4 0.1828125 0.5572916666666666 0.00625 0.01875
5 0.57734375 0.5114583333333333 0.240625 0.10625
2 0.0984375 0.521875 0.025 0.025
2 0.115625 0.5177083333333333 0.0203125 0.0125
4 0.3640625 0.659375 0.021875 0.06041666666666667