5 0.30078125 0.639344262295082 0.1078125 0.14754098360655737
2 0.01328125 0.49063231850117095 0.0265625 0.0468384074941452
2 0.1265625 0.45433255269320844 0.0328125 0.02810304449648712
2 0.69140625 0.5292740046838408 0.0421875 0.053864168618266976
5 0.35078125 0.3840749414519906 0.0265625 0.07962529274004684
5 0.06953125 0.4414519906323185 0.0625 0.09836065573770492
5 0.9046875 0.3946135831381733 0.0640625 0.08665105386416862
2 0.1046875 0.4601873536299766 0.021875 0.03278688524590164
2 0.41796875 0.37822014051522246 0.0203125 0.02810304449648712
2 0.43125 0.36768149882903983 0.00625 0.0234192037470726
5 0.45546875 0.3946135831381733 0.33125 0.4426229508196721
5 0.20234375 0.4133489461358314 0.046875 0.06557377049180328
5 0.4984375 0.34192037470725994 0.0328125 0.05152224824355972
2 0.03515625 0.46604215456674475 0.05625 0.08196721311475409