2 0.5796875 0.6592505854800936 0.190625 0.14988290398126464
2 0.234375 0.6498829039812647 0.096875 0.08665105386416862
2 0.325 0.6604215456674473 0.05 0.08899297423887588
4 0.8640625 0.6978922716627635 0.0765625 0.11007025761124122
4 0.4328125 0.7740046838407494 0.1328125 0.21311475409836064
4 0.73984375 0.7482435597189696 0.1125 0.16393442622950818
4 0.96015625 0.7014051522248244 0.0796875 0.12412177985948478
0 0.0953125 0.7330210772833724 0.01875 0.03981264637002342
4 0.3515625 0.7060889929742389 0.03125 0.1288056206088993
4 0.159375 0.8430913348946136 0.1046875 0.2857142857142857
4 0.80859375 0.7177985948477752 0.05625 0.11241217798594848
4 0.821875 0.6850117096018735 0.0171875 0.0468384074941452
4 0.3 0.6487119437939111 0.0359375 0.05620608899297424
5 0.0890625 0.5889929742388759 0.0453125 0.03747072599531616