0 0.10703125 0.594847775175644 0.025 0.04918032786885246
2 0.3875 0.6147540983606558 0.165625 0.20374707259953162
2 0.8890625 0.6288056206088993 0.221875 0.22482435597189696
2 0.4875 0.5702576112412178 0.084375 0.11475409836065574
2 0.5140625 0.5163934426229508 0.034375 0.03981264637002342
2 0.45859375 0.5187353629976581 0.034375 0.03747072599531616
4 0.1984375 0.6978922716627635 0.0640625 0.13348946135831383
1 0.63515625 0.47540983606557374 0.21875 0.27634660421545665
5 0.26328125 0.4964871194379391 0.20625 0.2459016393442623
0 0.059375 0.6007025761124122 0.05625 0.06323185011709602
2 0.4953125 0.5035128805620609 0.0125 0.0117096018735363
2 0.4765625 0.5058548009367682 0.009375 0.01405152224824356