2 0.298 0.7893772893772893 0.072 0.08791208791208792
2 0.751 0.8223443223443223 0.092 0.1282051282051282
2 0.195 0.8021978021978022 0.086 0.08058608058608059
2 0.04 0.8021978021978022 0.078 0.08791208791208792
2 0.712 0.7417582417582418 0.03 0.03663003663003663
2 0.597 0.7435897435897436 0.028 0.03296703296703297
2 0.517 0.7747252747252747 0.044 0.05860805860805861
2 0.558 0.7655677655677655 0.014 0.04395604395604396
2 0.633 0.7655677655677655 0.03 0.05860805860805861
5 0.836 0.782051282051282 0.05 0.09523809523809523
5 0.778 0.73992673992674 0.044 0.04395604395604396
5 0.095 0.8003663003663004 0.052 0.08791208791208792
2 0.924 0.7967032967032966 0.042 0.0695970695970696