4 0.50859375 0.7302083333333333 0.034375 0.06666666666666667
4 0.34765625 0.703125 0.0578125 0.08333333333333333
4 0.06171875 0.775 0.121875 0.18958333333333333
4 0.45 0.7010416666666667 0.053125 0.1
4 0.64375 0.84375 0.2375 0.15
4 0.853125 0.8916666666666667 0.290625 0.2125
4 0.790625 0.7958333333333333 0.10625 0.1
4 0.96015625 0.7541666666666667 0.0796875 0.12708333333333333
2 0.5890625 0.61875 0.04375 0.04791666666666667
4 0.77265625 0.865625 0.1765625 0.125
4 0.94375 0.93125 0.1125 0.1375
0 0.5453125 0.640625 0.009375 0.03125
4 0.29921875 0.7885416666666667 0.1203125 0.1625
4 0.56015625 0.6895833333333333 0.0265625 0.05625
0 0.1796875 0.7354166666666667 0.0640625 0.12916666666666668
2 0.6359375 0.6083333333333333 0.01875 0.03125
4 0.621875 0.65625 0.0203125 0.041666666666666664