1 0.56875 0.5737704918032787 0.3234375 0.24824355971896955
2 0.35625 0.8067915690866511 0.3015625 0.20140515222482436
2 0.64375 0.6990632318501171 0.1921875 0.1522248243559719
2 0.075 0.9285714285714286 0.15 0.14285714285714285
2 0.0296875 0.7201405152224825 0.059375 0.11943793911007025
2 0.915625 0.5679156908665105 0.1328125 0.12412177985948478
2 0.80078125 0.6182669789227166 0.15625 0.14285714285714285
2 0.84609375 0.531615925058548 0.0515625 0.06323185011709602
2 0.9484375 0.41451990632318503 0.0515625 0.04215456674473068
2 0.271875 0.6967213114754098 0.2640625 0.1522248243559719
2 0.971875 0.5292740046838408 0.025 0.0702576112412178
2 0.85234375 0.4859484777517564 0.0625 0.03981264637002342
2 0.8984375 0.39695550351288056 0.034375 0.04215456674473068