5 0.4828125 0.5165094339622641 0.775 0.5731132075471698
5 0.778125 0.3584905660377358 0.28125 0.16745283018867924
2 0.028125 0.36556603773584906 0.05625 0.054245283018867926
2 0.0375 0.3408018867924528 0.075 0.05660377358490566
2 0.2640625 0.29009433962264153 0.0421875 0.04481132075471698
2 0.309375 0.2865566037735849 0.0234375 0.04009433962264151
2 0.6234375 0.3007075471698113 0.0234375 0.04245283018867924
2 0.759375 0.28891509433962265 0.1609375 0.08962264150943396
2 0.884375 0.2806603773584906 0.0609375 0.04716981132075472
5 0.759375 0.28773584905660377 0.1640625 0.09433962264150944
2 0.95 0.3443396226415094 0.1 0.08490566037735849