2 0.596875 0.6210855949895616 0.0734375 0.04175365344467641
2 0.66328125 0.615866388308977 0.05 0.04592901878914405
2 0.83828125 0.6096033402922756 0.0609375 0.03966597077244259
4 0.771875 0.6774530271398748 0.0390625 0.0709812108559499
4 0.7515625 0.6576200417536534 0.01875 0.04801670146137787
4 0.87109375 0.7432150313152401 0.0890625 0.22338204592901878
4 0.24375 0.8183716075156576 0.2109375 0.1941544885177453
4 0.33671875 0.7045929018789144 0.1 0.08977035490605428
4 0.15625 0.6711899791231732 0.0796875 0.05845511482254697
4 0.659375 0.6346555323590815 0.0421875 0.022964509394572025
4 0.57734375 0.6346555323590815 0.040625 0.029227557411273485
4 0.925 0.6555323590814196 0.0453125 0.04801670146137787
4 0.0234375 0.6711899791231732 0.0140625 0.04592901878914405
4 0.96796875 0.6189979123173278 0.0203125 0.027139874739039668
4 0.54375 0.6336116910229646 0.0375 0.031315240083507306
4 0.5125 0.6283924843423799 0.0125 0.029227557411273485