2 0.38515625 0.38524590163934425 0.0625 0.05620608899297424
2 0.28046875 0.275175644028103 0.0375 0.0585480093676815
2 0.353125 0.28337236533957844 0.034375 0.03981264637002342
2 0.28515625 0.18501170960187355 0.0265625 0.03747072599531616
2 0.50859375 0.3618266978922717 0.271875 0.22482435597189696
4 0.12265625 0.38173302107728335 0.084375 0.06088992974238876
2 0.19609375 0.16159250585480095 0.0234375 0.02810304449648712
2 0.321875 0.24824355971896955 0.040625 0.0585480093676815
2 0.1359375 0.32903981264637 0.0703125 0.09601873536299765
2 0.378125 0.30562060889929743 0.0546875 0.0702576112412178
2 0.303125 0.23302107728337237 0.028125 0.04215456674473068
2 0.296875 0.2189695550351288 0.0296875 0.03278688524590164
2 0.2421875 0.202576112412178 0.0296875 0.03278688524590164
2 0.13515625 0.23185011709601874 0.040625 0.09601873536299765