2 0.49453125 0.7417452830188679 0.05625 0.06367924528301887
2 0.19921875 0.847877358490566 0.0890625 0.07783018867924528
2 0.5828125 0.6214622641509434 0.03125 0.04245283018867924
2 0.48046875 0.9445754716981132 0.0765625 0.07075471698113207
2 0.071875 0.8007075471698113 0.0609375 0.07783018867924528
2 0.64765625 0.8030660377358491 0.053125 0.05660377358490566
2 0.67265625 0.7476415094339622 0.05 0.07311320754716981
2 0.59765625 0.7417452830188679 0.0515625 0.08018867924528301
2 0.36484375 0.6014150943396226 0.0421875 0.04009433962264151
2 0.409375 0.6061320754716981 0.0390625 0.04716981132075472
2 0.5375 0.4846698113207547 0.021875 0.02830188679245283
2 0.6515625 0.8408018867924528 0.06875 0.08018867924528301
5 0.59765625 0.7417452830188679 0.0484375 0.07783018867924528