2 0.49140625 0.784375 0.1421875 0.15416666666666667
2 0.40234375 0.71875 0.053125 0.05
2 0.51328125 0.690625 0.040625 0.027083333333333334
2 0.30625 0.715625 0.0546875 0.05416666666666667
2 0.4828125 0.684375 0.0265625 0.03125
2 0.66171875 0.6760416666666667 0.025 0.022916666666666665
2 0.56484375 0.6947916666666667 0.0328125 0.03333333333333333
2 0.6296875 0.659375 0.0125 0.010416666666666666
4 0.4578125 0.6885416666666667 0.0109375 0.016666666666666666
2 0.40390625 0.6854166666666667 0.040625 0.020833333333333332
2 0.51171875 0.671875 0.028125 0.01875