2 0.06171875 0.6611111111111111 0.1171875 0.13555555555555557
2 0.328125 0.6177777777777778 0.0765625 0.09111111111111111
2 0.24140625 0.5888888888888889 0.034375 0.04888888888888889
2 0.2875 0.6066666666666667 0.071875 0.07111111111111111
2 0.28828125 0.5866666666666667 0.071875 0.03777777777777778
2 0.1609375 0.58 0.0359375 0.03777777777777778
4 0.21171875 0.5933333333333334 0.0234375 0.035555555555555556
4 0.96015625 0.8733333333333333 0.0796875 0.15555555555555556
5 0.5765625 0.6022222222222222 0.4375 0.5577777777777778
2 0.20234375 0.5855555555555556 0.0171875 0.022222222222222223
5 0.328125 0.6222222222222222 0.0765625 0.08666666666666667
5 0.15703125 0.5844444444444444 0.0375 0.04