2 0.28984375 0.8494117647058823 0.0296875 0.018823529411764704
2 0.32734375 0.8470588235294118 0.0234375 0.011764705882352941
2 0.35546875 0.8435294117647059 0.025 0.01411764705882353
2 0.46796875 0.8294117647058824 0.0265625 0.01411764705882353
2 0.52421875 0.8247058823529412 0.0234375 0.009411764705882352
2 0.40703125 0.8341176470588235 0.0234375 0.01411764705882353
2 0.58046875 0.8176470588235294 0.0171875 0.01411764705882353
2 0.85 0.8305882352941176 0.0265625 0.018823529411764704
2 0.246875 0.8635294117647059 0.0234375 0.018823529411764704
2 0.21484375 0.8576470588235294 0.0328125 0.021176470588235293
2 0.66015625 0.8223529411764706 0.040625 0.021176470588235293
2 0.89375 0.8411764705882353 0.0140625 0.01411764705882353