5 0.6 0.6760416666666667 0.2390625 0.11041666666666666
2 0.32265625 0.659375 0.03125 0.03958333333333333
2 0.2859375 0.6625 0.059375 0.05
2 0.3828125 0.6427083333333333 0.0234375 0.03125
2 0.4703125 0.6333333333333333 0.0140625 0.020833333333333332
5 0.403125 0.6385416666666667 0.025 0.03125
5 0.54375 0.634375 0.0375 0.029166666666666667
2 0.3609375 0.6479166666666667 0.0421875 0.03958333333333333
2 0.43046875 0.6364583333333333 0.0140625 0.022916666666666665
2 0.40234375 0.6395833333333333 0.0265625 0.03333333333333333
2 0.54921875 0.634375 0.0375 0.025
2 0.5234375 0.6354166666666666 0.0140625 0.022916666666666665
2 0.41875 0.6375 0.015625 0.027083333333333334