2 0.084375 0.7810026385224275 0.06875 0.08179419525065963
2 0.1421875 0.7691292875989446 0.0265625 0.05804749340369393
2 0.6078125 0.7598944591029023 0.0265625 0.023746701846965697
2 0.6625 0.7506596306068601 0.03125 0.029023746701846966
2 0.10703125 0.762532981530343 0.0609375 0.08179419525065963
2 0.17734375 0.7717678100263852 0.04375 0.03430079155672823
2 0.26875 0.7559366754617414 0.00625 0.0158311345646438
2 0.0265625 0.7757255936675461 0.053125 0.12137203166226913
2 0.253125 0.7651715039577837 0.015625 0.029023746701846966
2 0.7609375 0.7387862796833773 0.0109375 0.0079155672823219
5 0.20234375 0.7651715039577837 0.0640625 0.044854881266490766
5 0.71875 0.7453825857519789 0.0453125 0.03430079155672823
2 0.78125 0.7348284960422163 0.0125 0.0158311345646438