2 0.56953125 0.49270833333333336 0.196875 0.10833333333333334
2 0.80390625 0.496875 0.175 0.05416666666666667
2 0.75859375 0.46770833333333334 0.03125 0.027083333333333334
2 0.6921875 0.503125 0.0171875 0.06458333333333334
2 0.03046875 0.4739583333333333 0.053125 0.058333333333333334
2 0.29453125 0.48333333333333334 0.09375 0.0625
2 0.33125 0.46458333333333335 0.0578125 0.027083333333333334
2 0.46328125 0.4979166666666667 0.11875 0.0875
2 0.06484375 0.478125 0.0671875 0.05625
2 0.39921875 0.48020833333333335 0.0390625 0.05416666666666667
2 0.78046875 0.46458333333333335 0.03125 0.01875
2 0.0984375 0.48020833333333335 0.040625 0.05
2 0.128125 0.471875 0.0109375 0.025