0 0.6046875 0.396875 0.1421875 0.15416666666666667
0 0.55 0.371875 0.075 0.11666666666666667
2 0.1046875 0.29375 0.0546875 0.041666666666666664
2 0.14921875 0.29375 0.09375 0.04583333333333333
4 0.24453125 0.625 0.434375 0.4354166666666667
4 0.425 0.5239583333333333 0.3375 0.3416666666666667
4 0.51171875 0.35520833333333335 0.0765625 0.06458333333333334
5 0.3140625 0.2864583333333333 0.140625 0.08333333333333333
2 0.0796875 0.2833333333333333 0.03125 0.016666666666666666
2 0.071875 0.28020833333333334 0.040625 0.022916666666666665
2 0.1765625 0.278125 0.0421875 0.0375
4 0.8421875 0.484375 0.11875 0.22916666666666666
5 0.04765625 0.30416666666666664 0.0921875 0.07708333333333334
2 0.22265625 0.278125 0.021875 0.027083333333333334