0 0.272 0.8922155688622755 0.102 0.16467065868263472
0 0.544 0.6122754491017964 0.034 0.17964071856287425
1 0.323 0.7155688622754491 0.616 0.41916167664670656
5 0.748 0.7589820359281437 0.088 0.0748502994011976
0 0.417 0.5374251497005988 0.04 0.029940119760479042
0 0.754 0.8622754491017964 0.082 0.08982035928143713
0 0.745 0.8398203592814372 0.036 0.04491017964071856
0 0.799 0.7934131736526946 0.038 0.04790419161676647
0 0.395 0.5269461077844312 0.05 0.041916167664670656
0 0.321 0.5119760479041916 0.054 0.05389221556886228
0 0.306 0.5029940119760479 0.046 0.059880239520958084
0 0.246 0.49550898203592814 0.03 0.038922155688622756
0 0.221 0.4820359281437126 0.008 0.014970059880239521
0 0.363 0.5194610778443114 0.044 0.04790419161676647