4 0.80390625 0.5880398671096345 0.1296875 0.3089700996677741
4 0.5203125 0.6993355481727574 0.046875 0.1461794019933555
4 0.53359375 0.6262458471760798 0.134375 0.2857142857142857
4 0.4546875 0.6212624584717608 0.096875 0.2956810631229236
4 0.41953125 0.6112956810631229 0.0875 0.2956810631229236
4 0.23359375 0.5946843853820598 0.096875 0.23255813953488372
4 0.2 0.5946843853820598 0.0609375 0.21262458471760798
4 0.30078125 0.6162790697674418 0.0671875 0.22259136212624583
4 0.38359375 0.6229235880398671 0.1109375 0.2425249169435216
4 0.65234375 0.6877076411960132 0.2203125 0.46179401993355484
4 0.3390625 0.6196013289036545 0.0703125 0.23588039867109634
4 0.8921875 0.6146179401993356 0.1578125 0.45182724252491696
4 0.8203125 0.6511627906976745 0.1109375 0.3488372093023256
2 0.13359375 0.5963455149501661 0.103125 0.18604651162790697