2 0.5359375 0.7427083333333333 0.0375 0.041666666666666664
2 0.26484375 0.740625 0.0171875 0.016666666666666666
2 0.325 0.7385416666666667 0.0140625 0.008333333333333333
2 0.46171875 0.74375 0.025 0.027083333333333334
5 0.709375 0.6791666666666667 0.2109375 0.32083333333333336
2 0.1265625 0.7385416666666667 0.0328125 0.022916666666666665
2 0.2859375 0.7364583333333333 0.025 0.01875
2 0.33671875 0.7375 0.0109375 0.010416666666666666
5 0.30625 0.7291666666666666 0.015625 0.027083333333333334
2 0.16171875 0.740625 0.0234375 0.016666666666666666
2 0.36796875 0.7354166666666667 0.0125 0.010416666666666666