2 0.26328125 0.7041284403669725 0.2671875 0.25229357798165136
4 0.31015625 0.7924311926605505 0.090625 0.15825688073394495
4 0.61953125 0.8061926605504587 0.0828125 0.1353211009174312
4 0.43828125 0.7672018348623854 0.0859375 0.1444954128440367
4 0.575 0.7798165137614679 0.028125 0.11238532110091744
4 0.54921875 0.7660550458715596 0.03125 0.12385321100917432
4 0.040625 0.7477064220183486 0.0578125 0.10321100917431193
4 0.80078125 0.7545871559633027 0.040625 0.09403669724770643
4 0.8671875 0.7626146788990825 0.0515625 0.10091743119266056
4 0.68125 0.7649082568807339 0.028125 0.11467889908256881
4 0.51484375 0.7155963302752294 0.03125 0.11009174311926606
4 0.2296875 0.9013761467889908 0.1015625 0.1720183486238532
4 0.73359375 0.7454128440366973 0.0359375 0.10091743119266056
4 0.4796875 0.7603211009174312 0.0265625 0.10550458715596331
1 0.82734375 0.5814220183486238 0.071875 0.09403669724770643