2 0.64921875 0.6405152224824356 0.0734375 0.1288056206088993
2 0.06640625 0.5679156908665105 0.13125 0.1686182669789227
2 0.28046875 0.5163934426229508 0.109375 0.11241217798594848
2 0.89453125 0.4859484777517564 0.1609375 0.07728337236533958
2 0.446875 0.509367681498829 0.0375 0.0585480093676815
2 0.85546875 0.7177985948477752 0.2046875 0.1053864168618267
2 0.25625 0.4613583138173302 0.078125 0.05152224824355972
2 0.44296875 0.48009367681498827 0.0328125 0.02576112412177986
2 0.1375 0.4718969555035129 0.1 0.04215456674473068
2 0.07890625 0.48243559718969553 0.0953125 0.03278688524590164
2 0.31484375 0.48711943793911006 0.046875 0.07962529274004684
2 0.02734375 0.48009367681498827 0.0546875 0.0702576112412178