4 0.465625 0.225201072386059 0.021875 0.12064343163538874
4 0.90703125 0.9048257372654156 0.128125 0.13941018766756033
2 0.18515625 0.8203753351206434 0.034375 0.05630026809651475
2 0.91328125 0.8458445040214477 0.053125 0.05361930294906166
2 0.13359375 0.8270777479892761 0.046875 0.058981233243967826
2 0.01171875 0.8150134048257373 0.0234375 0.03485254691689008
2 0.8015625 0.8364611260053619 0.090625 0.058981233243967826
0 0.59375 0.8498659517426274 0.021875 0.040214477211796246
5 0.07109375 0.8163538873994638 0.08125 0.0938337801608579
5 0.16171875 0.8230563002680965 0.0421875 0.058981233243967826
0 0.76328125 0.8471849865951743 0.03125 0.03753351206434316
4 0.59296875 0.8512064343163539 0.0171875 0.03485254691689008