2 0.931 0.7630057803468208 0.138 0.44508670520231214
2 0.853 0.680635838150289 0.098 0.2630057803468208
2 0.927 0.7008670520231214 0.144 0.34971098265895956
2 0.041 0.6242774566473989 0.044 0.06069364161849711
5 0.928 0.7601156069364162 0.144 0.4508670520231214
5 0.701 0.6676300578034682 0.094 0.13872832369942195
2 0.545 0.6286127167630058 0.028 0.031791907514450865
2 0.803 0.6719653179190751 0.026 0.1069364161849711
2 0.745 0.6546242774566474 0.014 0.05202312138728324
4 0.78 0.6719653179190751 0.016 0.04335260115606936
2 0.613 0.6965317919075145 0.146 0.15606936416184972
4 0.42 0.7398843930635838 0.038 0.11849710982658959
4 0.764 0.6705202312138728 0.022 0.04335260115606936