0 0.82421875 0.5011441647597255 0.13125 0.391304347826087
0 0.784375 0.585812356979405 0.0609375 0.17620137299771166
0 0.93984375 0.36498855835240274 0.075 0.2379862700228833
0 0.93984375 0.5491990846681922 0.06875 0.2242562929061785
0 0.83359375 0.448512585812357 0.1296875 0.3135011441647597
0 0.596875 0.5194508009153318 0.2171875 0.459954233409611
0 0.71875 0.6064073226544623 0.059375 0.2288329519450801
0 0.87890625 0.4897025171624714 0.1265625 0.41876430205949655
0 0.9328125 0.5697940503432495 0.0578125 0.2379862700228833
0 0.73984375 0.6189931350114416 0.0734375 0.21052631578947367
0 0.1234375 0.7025171624713958 0.1515625 0.2562929061784897
0 0.76875 0.5 0.10625 0.42105263157894735
4 0.0546875 0.6864988558352403 0.05 0.3135011441647597