2 0.25625 0.8348946135831382 0.0609375 0.0585480093676815
2 0.82734375 0.8360655737704918 0.075 0.06791569086651054
2 0.2234375 0.832552693208431 0.0265625 0.0351288056206089
4 0.14453125 0.8384074941451991 0.0171875 0.0351288056206089
5 0.6140625 0.8266978922716628 0.0375 0.04215456674473068
2 0.70390625 0.8348946135831382 0.046875 0.0468384074941452
2 0.66484375 0.832552693208431 0.0359375 0.0351288056206089
2 0.29453125 0.8313817330210773 0.0125 0.02576112412177986
2 0.31328125 0.8278688524590164 0.0203125 0.0234192037470726
2 0.353125 0.8278688524590164 0.015625 0.02107728337236534
2 0.5484375 0.8290398126463701 0.015625 0.01873536299765808
5 0.409375 0.8208430913348946 0.009375 0.0234192037470726