2 0.23359375 0.6572916666666667 0.05 0.04375
2 0.271875 0.6385416666666667 0.0328125 0.020833333333333332
2 0.28203125 0.628125 0.0390625 0.035416666666666666
2 0.29609375 0.6145833333333334 0.034375 0.0375
2 0.32265625 0.5989583333333334 0.0296875 0.027083333333333334
2 0.653125 0.6114583333333333 0.0421875 0.029166666666666667
2 0.21171875 0.6479166666666667 0.0484375 0.05
2 0.40390625 0.5614583333333333 0.0171875 0.01875
2 0.50546875 0.6645833333333333 0.05 0.04375
2 0.85625 0.6135416666666667 0.084375 0.035416666666666666
2 0.36015625 0.5802083333333333 0.025 0.027083333333333334
2 0.425 0.5604166666666667 0.0125 0.014583333333333334
2 0.2203125 0.6208333333333333 0.05625 0.03333333333333333