2 0.9453125 0.38308457711442784 0.0328125 0.06965174129353234
2 0.15 0.42786069651741293 0.046875 0.13930348258706468
2 0.06328125 0.4228855721393035 0.05625 0.11442786069651742
2 0.59375 0.3781094527363184 0.05625 0.0945273631840796
2 0.7640625 0.3706467661691542 0.05625 0.05970149253731343
2 0.728125 0.39552238805970147 0.065625 0.10945273631840796
2 0.83515625 0.43034825870646765 0.0359375 0.13432835820895522
4 0.6328125 0.6517412935323383 0.1390625 0.4427860696517413
4 0.30859375 0.6442786069651741 0.1265625 0.3283582089552239
4 0.7359375 0.5845771144278606 0.0921875 0.3781094527363184
4 0.1515625 0.527363184079602 0.0578125 0.23383084577114427
4 0.2328125 0.572139303482587 0.0796875 0.3383084577114428
4 0.4015625 0.6791044776119403 0.0765625 0.4577114427860697
4 0.52578125 0.664179104477612 0.1 0.4925373134328358
4 0.78515625 0.5771144278606966 0.075 0.22388059701492538
4 0.18515625 0.5746268656716418 0.0734375 0.2537313432835821
4 0.82109375 0.5348258706467661 0.0671875 0.23383084577114427
2 0.80546875 0.4527363184079602 0.0875 0.15422885572139303
2 0.96875 0.3781094527363184 0.01875 0.03980099502487562