2 0.4265625 0.971875 0.0375 0.03333333333333333
2 0.59140625 0.9447916666666667 0.0265625 0.020833333333333332
2 0.55625 0.9447916666666667 0.0203125 0.016666666666666666
2 0.378125 0.9791666666666666 0.08125 0.041666666666666664
2 0.321875 0.9885416666666667 0.0515625 0.022916666666666665
2 0.57265625 0.9385416666666667 0.025 0.016666666666666666
2 0.59140625 0.9802083333333333 0.0390625 0.03958333333333333
2 0.43125 0.9572916666666667 0.021875 0.0125
2 0.60859375 0.934375 0.0125 0.020833333333333332
2 0.290625 0.9895833333333334 0.053125 0.01875
2 0.6125 0.978125 0.046875 0.04375
2 0.52265625 0.9729166666666667 0.0796875 0.05416666666666667