2 0.625 0.6265690376569037 0.1328125 0.16736401673640167
2 0.603125 0.46234309623430964 0.075 0.11297071129707113
2 0.43359375 0.7102510460251046 0.159375 0.18619246861924685
2 0.46953125 0.4246861924686193 0.0703125 0.08786610878661087
2 0.39453125 0.3514644351464435 0.046875 0.0502092050209205
2 0.67421875 0.5125523012552301 0.109375 0.14644351464435146
2 0.5109375 0.2594142259414226 0.0390625 0.04602510460251046
2 0.75390625 0.35564853556485354 0.046875 0.05439330543933055
2 0.51640625 0.5167364016736402 0.1328125 0.15271966527196654
1 0.59921875 0.20502092050209206 0.1015625 0.08368200836820083
2 0.878125 0.2803347280334728 0.028125 0.0397489539748954
2 0.34609375 0.8838912133891214 0.3203125 0.2280334728033473
2 0.384375 0.3985355648535565 0.0546875 0.06485355648535565
2 0.33984375 0.3200836820083682 0.046875 0.06485355648535565