2 0.215625 0.56796875 0.025 0.0109375
2 0.08645833333333333 0.56328125 0.022916666666666665 0.0171875
2 0.026041666666666668 0.56796875 0.052083333333333336 0.028125
2 0.9375 0.59765625 0.04583333333333333 0.021875
2 0.24375 0.56640625 0.020833333333333332 0.0109375
2 0.6489583333333333 0.5875 0.06458333333333334 0.015625
2 0.13645833333333332 0.57109375 0.022916666666666665 0.0203125
2 0.6322916666666667 0.578125 0.06666666666666667 0.0203125
2 0.4270833333333333 0.571875 0.016666666666666666 0.009375
2 0.296875 0.56640625 0.022916666666666665 0.009375
2 0.390625 0.57265625 0.01875 0.0109375