2 0.6140625 0.08333333333333333 0.103125 0.1125
2 0.46328125 0.08020833333333334 0.1109375 0.12083333333333333
2 0.3171875 0.04895833333333333 0.0421875 0.06041666666666667
2 0.1125 0.084375 0.05625 0.09166666666666666
2 0.11328125 0.042708333333333334 0.0515625 0.04375
2 0.77109375 0.071875 0.0953125 0.1
2 0.82109375 0.051041666666666666 0.0609375 0.06458333333333334
2 0.85625 0.06979166666666667 0.025 0.06875
2 0.15390625 0.05416666666666667 0.04375 0.05625
2 0.690625 0.05625 0.053125 0.05
2 0.23671875 0.04583333333333333 0.05 0.06458333333333334
2 0.2953125 0.034375 0.0140625 0.01875