2 0.4703125 0.6833333333333333 0.0734375 0.08333333333333333
2 0.96875 0.8013888888888889 0.0578125 0.2111111111111111
2 0.2484375 0.6555555555555556 0.0484375 0.07222222222222222
2 0.0796875 0.8097222222222222 0.159375 0.38055555555555554
2 0.13515625 0.6888888888888889 0.0921875 0.11944444444444445
5 0.65859375 0.6888888888888889 0.084375 0.125
2 0.596875 0.7041666666666667 0.1109375 0.12222222222222222
2 0.79765625 0.7083333333333334 0.1375 0.15833333333333333
2 0.321875 0.6625 0.04375 0.058333333333333334
2 0.29375 0.6486111111111111 0.03125 0.058333333333333334
2 0.14765625 0.8138888888888889 0.0765625 0.23333333333333334
2 0.72421875 0.6888888888888889 0.05625 0.10833333333333334
2 0.353125 0.6277777777777778 0.015625 0.025
2 0.42734375 0.6666666666666666 0.053125 0.08055555555555556