5 0.128125 0.5362997658079626 0.1078125 0.1288056206088993
2 0.7453125 0.6194379391100703 0.109375 0.13348946135831383
2 0.93671875 0.667447306791569 0.1265625 0.1405152224824356
2 0.05546875 0.607728337236534 0.103125 0.17330210772833723
5 0.06015625 0.6065573770491803 0.0953125 0.16159250585480095
5 0.65078125 0.6018735362997658 0.1078125 0.13114754098360656
2 0.85859375 0.6557377049180327 0.1078125 0.12646370023419204
2 0.7890625 0.6405152224824356 0.1109375 0.117096018735363
2 0.03828125 0.6487119437939111 0.0765625 0.234192037470726
2 0.50078125 0.6463700234192038 0.9984375 0.23653395784543327
2 0.23125 0.4484777517564403 0.015625 0.0234192037470726
2 0.08671875 0.4859484777517564 0.0375 0.04215456674473068
2 0.19140625 0.5046838407494145 0.0234375 0.04215456674473068
2 0.646875 0.6030444964871194 0.1015625 0.13114754098360656
2 0.1 0.4672131147540984 0.0203125 0.01639344262295082