4 0.68125 0.6385416666666667 0.5953125 0.7229166666666667
4 0.91328125 0.4479166666666667 0.171875 0.39166666666666666
4 0.15546875 0.23645833333333333 0.0421875 0.03333333333333333
4 0.19453125 0.23229166666666667 0.0421875 0.035416666666666666
4 0.4671875 0.21875 0.0296875 0.029166666666666667
4 0.5453125 0.22083333333333333 0.01875 0.029166666666666667
2 0.90546875 0.20208333333333334 0.0265625 0.010416666666666666
1 0.48125 0.19583333333333333 0.2078125 0.09583333333333334
5 0.2265625 0.2125 0.1265625 0.04375
5 0.4265625 0.225 0.1 0.03333333333333333
5 0.0515625 0.234375 0.103125 0.07083333333333333
4 0.515625 0.22395833333333334 0.0234375 0.027083333333333334