2 0.07265625 0.43266832917705733 0.0171875 0.02743142144638404
2 0.034375 0.45885286783042395 0.0625 0.04987531172069826
1 0.7453125 0.41895261845386533 0.0890625 0.10224438902743142
5 0.8734375 0.48877805486284287 0.1109375 0.13466334164588528
5 0.7953125 0.4713216957605985 0.0859375 0.11970074812967581
2 0.221875 0.45885286783042395 0.1171875 0.05486284289276808
2 0.33359375 0.42643391521197005 0.0234375 0.012468827930174564
2 0.30546875 0.43266832917705733 0.0296875 0.0199501246882793
2 0.29375 0.47880299251870323 0.08125 0.08977556109725686
2 0.3296875 0.4488778054862843 0.046875 0.029925187032418952
5 0.53828125 0.47256857855361595 0.0875 0.09476309226932668
5 0.38984375 0.49002493765586036 0.1484375 0.15211970074812967
5 0.70234375 0.4513715710723192 0.05 0.07481296758104738
5 0.25859375 0.42768079800498754 0.0375 0.022443890274314215
2 0.01484375 0.4625935162094763 0.028125 0.04488778054862843
5 0.0890625 0.45012468827930174 0.075 0.06733167082294264
5 0.0078125 0.42768079800498754 0.015625 0.02493765586034913