2 0.7125 0.7873831775700935 0.146875 0.10046728971962617
2 0.66875 0.7371495327102804 0.14375 0.06542056074766354
2 0.6453125 0.7219626168224299 0.153125 0.0794392523364486
2 0.290625 0.8037383177570093 0.0703125 0.08878504672897196
2 0.27578125 0.7383177570093458 0.0578125 0.07476635514018691
2 0.28671875 0.75 0.065625 0.06775700934579439
2 0.67109375 0.7605140186915887 0.1046875 0.08411214953271028
2 0.62265625 0.6845794392523364 0.1234375 0.05841121495327103
2 0.45625 0.47313084112149534 0.4515625 0.5023364485981309
5 0.48046875 0.48364485981308414 0.078125 0.04205607476635514
5 0.578125 0.6144859813084113 0.1078125 0.06542056074766354
5 0.46328125 0.4147196261682243 0.071875 0.03271028037383177
5 0.60859375 0.639018691588785 0.159375 0.08177570093457943
5 0.43828125 0.43457943925233644 0.096875 0.04906542056074766