2 0.2109375 0.7280163599182005 0.246875 0.19631901840490798
2 0.08828125 0.721881390593047 0.171875 0.15950920245398773
2 0.69921875 0.6707566462167689 0.0484375 0.049079754601226995
2 0.5171875 0.7924335378323109 0.375 0.2719836400817996
2 0.63359375 0.6595092024539877 0.078125 0.07566462167689161
2 0.85703125 0.6871165644171779 0.025 0.05521472392638037
2 0.8515625 0.6595092024539877 0.0328125 0.049079754601226995
2 0.01796875 0.6809815950920245 0.034375 0.04294478527607362
1 0.1421875 0.6349693251533742 0.284375 0.09815950920245399
5 0.61171875 0.6124744376278118 0.06875 0.034764826175869123
5 0.32265625 0.6339468302658486 0.078125 0.08997955010224949
5 0.73671875 0.6329243353783232 0.01875 0.02044989775051125
5 0.68046875 0.6482617586912065 0.0296875 0.034764826175869123
2 0.4875 0.6513292433537833 0.040625 0.018404907975460124
2 0.54140625 0.6431492842535788 0.125 0.03885480572597137
2 0.87578125 0.6482617586912065 0.0171875 0.018404907975460124
5 0.5765625 0.6165644171779141 0.1421875 0.07770961145194274