2 0.1578125 0.1936619718309859 0.315625 0.2676056338028169
2 0.65703125 0.39436619718309857 0.6859375 0.4953051643192488
2 0.20078125 0.11854460093896714 0.396875 0.2323943661971831
2 0.32421875 0.11267605633802817 0.3671875 0.21830985915492956
2 0.49765625 0.09154929577464789 0.259375 0.1807511737089202
2 0.065625 0.23943661971830985 0.13125 0.23943661971830985
4 0.58984375 0.49413145539906106 0.5375 0.528169014084507
5 0.8046875 0.08098591549295775 0.309375 0.1619718309859155
2 0.7328125 0.19718309859154928 0.53125 0.215962441314554
2 0.81953125 0.10093896713615023 0.3609375 0.19718309859154928
2 0.61015625 0.062206572769953054 0.18125 0.12206572769953052