2 0.8875 0.190625 0.025 0.015625
2 0.94375 0.19921875 0.022916666666666665 0.0125
2 0.9802083333333333 0.23828125 0.029166666666666667 0.0171875
2 0.803125 0.14296875 0.01875 0.0109375
2 0.70625 0.07265625 0.016666666666666666 0.0109375
2 0.7385416666666667 0.01875 0.0125 0.0078125
2 0.7770833333333333 0.0546875 0.010416666666666666 0.009375
2 0.696875 0.05703125 0.010416666666666666 0.0078125
2 0.7239583333333334 0.0703125 0.010416666666666666 0.009375
2 0.7197916666666667 0.040625 0.008333333333333333 0.0078125
2 0.7760416666666666 0.0421875 0.010416666666666666 0.009375
2 0.7708333333333334 0.00859375 0.0125 0.0109375
2 0.740625 0.02421875 0.010416666666666666 0.00625