2 0.4796875 0.4375 0.2296875 0.12916666666666668
2 0.96484375 0.384375 0.05 0.052083333333333336
2 0.95390625 0.3729166666666667 0.0453125 0.04791666666666667
4 0.3734375 0.5489583333333333 0.284375 0.27708333333333335
4 0.084375 0.740625 0.16875 0.3541666666666667
4 0.63671875 0.45625 0.146875 0.14375
4 0.15625 0.42916666666666664 0.121875 0.075
4 0.1015625 0.42916666666666664 0.040625 0.05
4 0.546875 0.38125 0.0265625 0.029166666666666667
4 0.728125 0.37395833333333334 0.015625 0.03333333333333333
4 0.90859375 0.37604166666666666 0.00625 0.016666666666666666
2 0.90546875 0.3625 0.0171875 0.01875
2 0.8328125 0.3645833333333333 0.025 0.025
5 0.83359375 0.36354166666666665 0.0296875 0.027083333333333334
5 0.378125 0.346875 0.128125 0.09166666666666666
5 0.28125 0.32916666666666666 0.178125 0.1375
4 0.93203125 0.365625 0.0078125 0.016666666666666666
4 0.07109375 0.39895833333333336 0.059375 0.0625
2 0.93046875 0.359375 0.01875 0.01875