2 0.421875 0.7208333333333333 0.1 0.052083333333333336
2 0.7796875 0.7395833333333334 0.040625 0.052083333333333336
2 0.5140625 0.7302083333333333 0.028125 0.027083333333333334
2 0.71015625 0.721875 0.028125 0.022916666666666665
2 0.4640625 0.715625 0.053125 0.052083333333333336
2 0.9828125 0.78125 0.034375 0.11666666666666667
5 0.1625 0.8447916666666667 0.325 0.3104166666666667
5 0.165625 0.7041666666666667 0.0828125 0.06458333333333334
2 0.75078125 0.7114583333333333 0.01875 0.020833333333333332
2 0.54765625 0.7260416666666667 0.0453125 0.022916666666666665
5 0.2984375 0.678125 0.0875 0.10833333333333334