2 0.76875 0.9583333333333334 0.065625 0.058333333333333334
2 0.82578125 0.9572916666666667 0.1171875 0.06875
2 0.3390625 0.9520833333333333 0.034375 0.03333333333333333
2 0.9453125 0.9583333333333334 0.109375 0.08125
2 0.053125 0.9479166666666666 0.025 0.025
2 0.65859375 0.9385416666666667 0.01875 0.01875
2 0.62265625 0.940625 0.009375 0.020833333333333332
2 0.615625 0.9333333333333333 0.021875 0.020833333333333332
2 0.559375 0.9354166666666667 0.03125 0.020833333333333332
2 0.64765625 0.940625 0.0265625 0.016666666666666666
2 0.890625 0.953125 0.04375 0.06666666666666667
2 0.025 0.9447916666666667 0.028125 0.03333333333333333