2 0.42265625 0.6145833333333334 0.140625 0.12083333333333333
2 0.1671875 0.6354166666666666 0.1984375 0.22708333333333333
2 0.04765625 0.6666666666666666 0.09375 0.25416666666666665
2 0.60390625 0.59375 0.065625 0.08333333333333333
2 0.640625 0.590625 0.0546875 0.07291666666666667
5 0.48984375 0.590625 0.11875 0.14583333333333334
5 0.746875 0.5604166666666667 0.1390625 0.15833333333333333
2 0.56640625 0.6 0.0578125 0.08541666666666667
2 0.9859375 0.6864583333333333 0.028125 0.21458333333333332
2 0.91640625 0.5927083333333333 0.021875 0.022916666666666665
2 0.896875 0.5739583333333333 0.0109375 0.014583333333333334
2 0.8234375 0.5833333333333334 0.0390625 0.04375
2 0.97109375 0.6260416666666667 0.0453125 0.10833333333333334
5 0.16796875 0.63125 0.196875 0.22708333333333333