0 0.15390625 0.7615894039735099 0.0453125 0.12582781456953643
2 0.03671875 0.7141280353200883 0.0734375 0.17439293598233996
2 0.23515625 0.6225165562913907 0.01875 0.02207505518763797
1 0.47578125 0.5772626931567328 0.4234375 0.5474613686534217
1 0.071875 0.608167770419426 0.1359375 0.17439293598233996
2 0.27578125 0.6357615894039735 0.0265625 0.037527593818984545
0 0.1828125 0.67439293598234 0.021875 0.039735099337748346
2 0.20703125 0.630242825607064 0.025 0.024282560706401765
2 0.21484375 0.6114790286975718 0.0203125 0.019867549668874173
2 0.84140625 0.6545253863134658 0.134375 0.11479028697571744
2 0.19140625 0.6346578366445916 0.04375 0.02869757174392936
2 0.70703125 0.6236203090507726 0.034375 0.05077262693156733
4 0.20078125 0.6633554083885209 0.025 0.02869757174392936
4 0.25859375 0.6379690949227373 0.0078125 0.013245033112582781