2 0.90703125 0.6729166666666667 0.1484375 0.15
2 0.97890625 0.640625 0.0421875 0.05416666666666667
2 0.7359375 0.6260416666666667 0.0546875 0.041666666666666664
2 0.24453125 0.6625 0.0390625 0.04791666666666667
5 0.3703125 0.6416666666666667 0.2203125 0.3125
2 0.2171875 0.6729166666666667 0.0296875 0.03958333333333333
5 0.16484375 0.671875 0.0890625 0.08333333333333333
5 0.0390625 0.7020833333333333 0.078125 0.13125
5 0.87734375 0.6239583333333333 0.2046875 0.09166666666666666
2 0.75 0.634375 0.0390625 0.05
2 0.09609375 0.6833333333333333 0.034375 0.027083333333333334
1 0.37578125 0.634375 0.2328125 0.3104166666666667
2 0.546875 0.6520833333333333 0.0578125 0.041666666666666664
2 0.26484375 0.665625 0.00625 0.01875