2 0.24453125 0.6288167938931297 0.4703125 0.30343511450381677
2 0.6125 0.5486641221374046 0.084375 0.1049618320610687
2 0.64375 0.5229007633587787 0.0734375 0.06870229007633588
2 0.6875 0.5305343511450382 0.0359375 0.06870229007633588
2 0.06328125 0.5038167938931297 0.096875 0.08396946564885496
2 0.3828125 0.5190839694656488 0.0921875 0.07442748091603053
2 0.42734375 0.5066793893129771 0.0671875 0.05725190839694656
1 0.6359375 0.47423664122137404 0.06875 0.03435114503816794
2 0.70625 0.5219465648854962 0.025 0.04580152671755725
2 0.6953125 0.49809160305343514 0.046875 0.03435114503816794
2 0.059375 0.5763358778625954 0.090625 0.08587786259541985
2 0.51328125 0.5639312977099237 0.1953125 0.15458015267175573