2 0.4379391100702576 0.50859375 0.0468384074941452 0.015625
2 0.1522248243559719 0.5125 0.02576112412177986 0.0171875
2 0.19086651053864168 0.51484375 0.0234192037470726 0.0125
2 0.22131147540983606 0.50859375 0.02810304449648712 0.009375
2 0.5925058548009368 0.503125 0.0468384074941452 0.0140625
2 0.46252927400468385 0.509375 0.0234192037470726 0.0125
2 0.08782201405152225 0.5125 0.03747072599531616 0.0171875
2 0.05620608899297424 0.5125 0.05620608899297424 0.015625
2 0.3559718969555035 0.51328125 0.03278688524590164 0.01875
2 0.2576112412177986 0.509375 0.0702576112412178 0.021875
2 0.4203747072599532 0.509375 0.01405152224824356 0.0109375
2 0.5550351288056206 0.50703125 0.02576112412177986 0.009375
2 0.12060889929742388 0.51484375 0.03981264637002342 0.0125