0 0.7578125 0.4369158878504673 0.0546875 0.0397196261682243
1 0.25 0.5934579439252337 0.1984375 0.3014018691588785
1 0.40859375 0.4158878504672897 0.1015625 0.205607476635514
1 0.95 0.4602803738317757 0.1 0.17523364485981308
1 0.49609375 0.3037383177570093 0.075 0.14018691588785046
0 0.778125 0.4322429906542056 0.0265625 0.0397196261682243
1 0.53515625 0.4182242990654206 0.1109375 0.17289719626168223
1 0.72578125 0.21261682242990654 0.04375 0.07710280373831775
1 0.92421875 0.21144859813084113 0.0578125 0.08878504672897196
1 0.52578125 0.20093457943925233 0.0359375 0.06775700934579439
2 0.5546875 0.514018691588785 0.0765625 0.09813084112149532
2 0.7171875 0.7009345794392523 0.128125 0.17757009345794392
2 0.525 0.6670560747663551 0.1171875 0.16121495327102803
2 0.46328125 0.5665887850467289 0.090625 0.11448598130841121
2 0.3375 0.7733644859813084 0.121875 0.1542056074766355
1 0.61484375 0.36565420560747663 0.096875 0.17990654205607476
1 0.5640625 0.27453271028037385 0.065625 0.1191588785046729
2 0.68203125 0.3726635514018692 0.0484375 0.09345794392523364
2 0.6625 0.2733644859813084 0.0375 0.03271028037383177
2 0.55625 0.7955607476635514 0.1171875 0.14485981308411214
2 0.53203125 0.5841121495327103 0.1046875 0.10747663551401869
2 0.8359375 0.2932242990654206 0.0546875 0.0514018691588785
2 0.815625 0.35514018691588783 0.059375 0.0630841121495327
2 0.67578125 0.4544392523364486 0.071875 0.08177570093457943
1 0.58125 0.24182242990654207 0.053125 0.07710280373831775
2 0.94296875 0.3282710280373832 0.0609375 0.08411214953271028
1 0.5796875 0.18808411214953272 0.04375 0.04439252336448598
1 0.9578125 0.23481308411214954 0.0578125 0.09813084112149532