2 0.0875 0.359375 0.171875 0.17291666666666666
2 0.19765625 0.321875 0.1953125 0.13333333333333333
2 0.27421875 0.278125 0.2078125 0.13958333333333334
5 0.953125 0.16875 0.0921875 0.11458333333333333
2 0.4078125 0.240625 0.1609375 0.13125
2 0.64453125 0.16875 0.071875 0.0375
2 0.61484375 0.196875 0.0765625 0.07916666666666666
2 0.10703125 0.265625 0.0984375 0.029166666666666667
2 0.16328125 0.24166666666666667 0.075 0.035416666666666666
5 0.50859375 0.22708333333333333 0.0921875 0.10416666666666667
5 0.5703125 0.21875 0.0390625 0.058333333333333334