0 0.7140625 0.8873239436619719 0.16875 0.15258215962441316
2 0.6078125 0.7746478873239436 0.484375 0.28169014084507044
2 0.0921875 0.4565727699530516 0.1453125 0.1596244131455399
2 0.94375 0.24882629107981222 0.109375 0.06807511737089202
2 0.8125 0.24882629107981222 0.0984375 0.06103286384976526
2 0.0578125 0.4096244131455399 0.115625 0.12441314553990611
4 0.6015625 0.9049295774647887 0.240625 0.19014084507042253
4 0.17265625 0.9342723004694836 0.2421875 0.13145539906103287
5 0.4859375 0.5011737089201878 0.8375 0.4765258215962441
0 0.63984375 0.24530516431924881 0.0265625 0.04460093896713615
0 0.58359375 0.25234741784037557 0.021875 0.04225352112676056
0 0.6828125 0.25 0.034375 0.04225352112676056
2 0.9890625 0.36384976525821594 0.0203125 0.07511737089201878
2 0.9125 0.4307511737089202 0.0484375 0.10328638497652583
5 0.2578125 0.2546948356807512 0.146875 0.12206572769953052
0 0.86953125 0.24061032863849766 0.0203125 0.03755868544600939
0 0.571875 0.2511737089201878 0.021875 0.04460093896713615
0 0.73203125 0.23943661971830985 0.0359375 0.04225352112676056
0 0.4546875 0.25586854460093894 0.0296875 0.0539906103286385