2 0.528125 0.6760416666666667 0.3484375 0.36041666666666666
2 0.28359375 0.60625 0.1609375 0.06666666666666667
2 0.859375 0.5833333333333334 0.08125 0.04791666666666667
2 0.0421875 0.7125 0.08125 0.42291666666666666
2 0.16640625 0.5989583333333334 0.0265625 0.0375
2 0.20078125 0.59375 0.0484375 0.05625
2 0.7109375 0.5979166666666667 0.084375 0.07708333333333334
2 0.37734375 0.5916666666666667 0.034375 0.029166666666666667
2 0.13125 0.6 0.0125 0.027083333333333334
2 0.328125 0.5822916666666667 0.0734375 0.035416666666666666
2 0.15078125 0.5947916666666667 0.0328125 0.04375