2 0.62890625 0.9739583333333334 0.034375 0.014583333333333334
2 0.4546875 0.9822916666666667 0.028125 0.010416666666666666
2 0.98203125 0.9541666666666667 0.0328125 0.016666666666666666
2 0.55703125 0.978125 0.0265625 0.010416666666666666
2 0.7859375 0.9645833333333333 0.0328125 0.014583333333333334
2 0.8234375 0.9614583333333333 0.0296875 0.016666666666666666
2 0.70703125 0.96875 0.0203125 0.014583333333333334
2 0.59375 0.971875 0.0359375 0.014583333333333334
2 0.740625 0.9677083333333333 0.0359375 0.0125
2 0.94765625 0.95625 0.0375 0.014583333333333334
2 0.88359375 0.9572916666666667 0.0359375 0.01875
2 0.421875 0.984375 0.025 0.010416666666666666
2 0.4453125 0.98125 0.0234375 0.016666666666666666