2 0.8421875 0.18020833333333333 0.3140625 0.16458333333333333
2 0.6359375 0.14166666666666666 0.2703125 0.11458333333333333
2 0.878125 0.07916666666666666 0.1703125 0.041666666666666664
2 0.575 0.09479166666666666 0.071875 0.03958333333333333
2 0.73515625 0.08958333333333333 0.1390625 0.04791666666666667
2 0.071875 0.13229166666666667 0.059375 0.027083333333333334
2 0.39609375 0.14270833333333333 0.2296875 0.12708333333333333
2 0.14375 0.13541666666666666 0.065625 0.07916666666666666
2 0.46796875 0.09375 0.11875 0.052083333333333336
2 0.25859375 0.12604166666666666 0.1859375 0.13125
2 0.525 0.11145833333333334 0.0890625 0.0375
2 0.03671875 0.128125 0.03125 0.022916666666666665