2 0.5351288056206089 0.075 0.11007025761124122 0.0328125
2 0.7704918032786885 0.1046875 0.08665105386416862 0.0328125
2 0.6100702576112412 0.065625 0.04449648711943794 0.0203125
2 0.5819672131147541 0.05859375 0.03278688524590164 0.0203125
2 0.5667447306791569 0.04453125 0.02810304449648712 0.0140625
2 0.5655737704918032 0.034375 0.0234192037470726 0.0125
4 0.9098360655737705 0.2140625 0.11007025761124122 0.046875
2 0.7271662763466042 0.09453125 0.053864168618266976 0.03125
2 0.5749414519906323 0.0515625 0.03044496487119438 0.021875
4 0.882903981264637 0.1796875 0.07259953161592506 0.034375
2 0.607728337236534 0.7125 0.3255269320843091 0.2875