2 0.1984375 0.9363207547169812 0.11875 0.12735849056603774
2 0.0609375 0.9492924528301887 0.121875 0.10141509433962265
1 0.2703125 0.6792452830188679 0.53125 0.25707547169811323
1 0.88671875 0.6014150943396226 0.2265625 0.11320754716981132
1 0.28125 0.4834905660377358 0.2015625 0.049528301886792456
1 0.31015625 0.5389150943396226 0.203125 0.08490566037735849
1 0.72421875 0.5058962264150944 0.2265625 0.05660377358490566
1 0.8859375 0.6261792452830188 0.159375 0.07783018867924528
2 0.50390625 0.9280660377358491 0.1515625 0.14386792452830188
2 0.92734375 0.5 0.0671875 0.03537735849056604
2 0.87265625 0.49292452830188677 0.0375 0.0330188679245283
1 0.59453125 0.5094339622641509 0.1859375 0.06839622641509434
1 0.0140625 0.49292452830188677 0.028125 0.09198113207547169
5 0.50625 0.9280660377358491 0.1453125 0.14386792452830188