2 0.2015625 0.5697916666666667 0.10625 0.052083333333333336
2 0.83125 0.409375 0.0515625 0.04791666666666667
2 0.7234375 0.45208333333333334 0.0671875 0.058333333333333334
2 0.52890625 0.5395833333333333 0.0828125 0.05625
2 0.453125 0.47604166666666664 0.0953125 0.05
2 0.4875 0.4666666666666667 0.090625 0.04375
2 0.24375 0.45416666666666666 0.084375 0.04791666666666667
2 0.59375 0.5010416666666667 0.084375 0.07291666666666667
2 0.6640625 0.47708333333333336 0.06875 0.06666666666666667
2 0.9 0.3875 0.046875 0.035416666666666666
2 0.96171875 0.36666666666666664 0.0390625 0.029166666666666667
2 0.9875 0.35625 0.025 0.025