2 0.140625 0.6354166666666666 0.0671875 0.06770833333333333
2 0.88046875 0.66015625 0.2390625 0.296875
2 0.45234375 0.625 0.0453125 0.06770833333333333
2 0.54296875 0.6328125 0.0609375 0.10416666666666667
2 0.5 0.6315104166666666 0.05 0.08854166666666667
2 0.42578125 0.6184895833333334 0.0203125 0.049479166666666664
2 0.39765625 0.6276041666666666 0.0234375 0.026041666666666668
2 0.321875 0.62109375 0.0234375 0.033854166666666664
2 0.3578125 0.6223958333333334 0.0171875 0.028645833333333332
2 0.66640625 0.6497395833333334 0.08125 0.1171875
2 0.1875 0.6223958333333334 0.04375 0.0625
2 0.65703125 0.60546875 0.046875 0.049479166666666664
2 0.2390625 0.625 0.0453125 0.059895833333333336