2 0.20078125 0.1863905325443787 0.034375 0.026627218934911243
2 0.1609375 0.1878698224852071 0.0421875 0.03254437869822485
2 0.0265625 0.20414201183431951 0.0390625 0.03550295857988166
2 0.54921875 0.15680473372781065 0.059375 0.05029585798816568
2 0.134375 0.1849112426035503 0.015625 0.038461538461538464
2 0.08125 0.1937869822485207 0.0171875 0.026627218934911243
2 0.4140625 0.1893491124260355 0.025 0.026627218934911243
2 0.6765625 0.13313609467455623 0.021875 0.01775147928994083
2 0.3171875 0.17455621301775148 0.0390625 0.026627218934911243
2 0.5171875 0.16272189349112426 0.0375 0.047337278106508875
2 0.23828125 0.1760355029585799 0.0125 0.029585798816568046
2 0.10390625 0.19674556213017752 0.046875 0.03254437869822485