2 0.39765625 0.24375 0.0484375 0.0375
2 0.50625 0.253125 0.1203125 0.10416666666666667
4 0.81875 0.475 0.3578125 0.38333333333333336
4 0.52421875 0.40208333333333335 0.303125 0.24583333333333332
4 0.40703125 0.37083333333333335 0.2140625 0.19791666666666666
4 0.28984375 0.365625 0.0640625 0.12291666666666666
4 0.20390625 0.3229166666666667 0.128125 0.16458333333333333
4 0.18515625 0.334375 0.1234375 0.11041666666666666
2 0.07578125 0.2552083333333333 0.0484375 0.04583333333333333
2 0.196875 0.26458333333333334 0.0828125 0.058333333333333334
2 0.33828125 0.23854166666666668 0.06875 0.05
2 0.1515625 0.24270833333333333 0.0296875 0.03125
5 0.77890625 0.27291666666666664 0.4421875 0.25416666666666665
2 0.96875 0.25625 0.0625 0.06041666666666667
2 0.04921875 0.25 0.01875 0.022916666666666665
2 0.2015625 0.23541666666666666 0.053125 0.03125
4 0.37265625 0.290625 0.0828125 0.09375