1 0.5 0.6670560747663551 0.15 0.3247663551401869
2 0.0796875 0.7990654205607477 0.159375 0.20794392523364486
2 0.9734375 0.8107476635514018 0.053125 0.1822429906542056
2 0.921875 0.8037383177570093 0.1015625 0.13317757009345793
2 0.325 0.7429906542056075 0.0328125 0.09579439252336448
2 0.85 0.7897196261682243 0.090625 0.10747663551401869
2 0.1921875 0.7675233644859814 0.09375 0.1588785046728972
2 0.25546875 0.7570093457943925 0.053125 0.1308411214953271
2 0.2953125 0.7464953271028038 0.04375 0.11214953271028037
2 0.38125 0.7383177570093458 0.0390625 0.04205607476635514
2 0.5046875 0.8212616822429907 0.1609375 0.17990654205607476
2 0.80625 0.7698598130841121 0.0640625 0.102803738317757
2 0.69296875 0.7488317757009346 0.046875 0.07242990654205607
2 0.6703125 0.7394859813084113 0.040625 0.06775700934579439