2 0.97109375 0.875 0.0421875 0.052083333333333336
2 0.44921875 0.5677083333333334 0.021875 0.025
2 0.46640625 0.55 0.009375 0.016666666666666666
2 0.478125 0.5041666666666667 0.0203125 0.01875
2 0.4828125 0.4625 0.0125 0.008333333333333333
2 0.4859375 0.440625 0.009375 0.008333333333333333
2 0.4875 0.4166666666666667 0.009375 0.010416666666666666
2 0.765625 0.69375 0.0515625 0.029166666666666667
5 0.79375 0.6458333333333334 0.1046875 0.06875
5 0.66953125 0.628125 0.1234375 0.07708333333333334
2 0.965625 0.921875 0.0390625 0.0375
2 0.94140625 0.9010416666666666 0.04375 0.05625
2 0.51484375 0.41770833333333335 0.009375 0.008333333333333333
2 0.4375 0.5854166666666667 0.021875 0.027083333333333334
2 0.4828125 0.4739583333333333 0.0125 0.01875
5 0.540625 0.5291666666666667 0.05 0.07708333333333334