2 0.50859375 0.5771971496437055 0.05625 0.0498812351543943
2 0.60625 0.5795724465558195 0.0484375 0.0855106888361045
2 0.73984375 0.5878859857482185 0.05 0.08076009501187649
5 0.796875 0.5724465558194775 0.06875 0.11163895486935867
2 0.94921875 0.5795724465558195 0.1 0.13064133016627077
2 0.84375 0.5878859857482185 0.075 0.09026128266033254
2 0.99296875 0.5938242280285035 0.0140625 0.1021377672209026
2 0.15078125 0.5498812351543944 0.025 0.035629453681710214
2 0.28515625 0.5629453681710214 0.0234375 0.026128266033254157
5 0.37734375 0.5332541567695962 0.11875 0.1163895486935867
2 0.2546875 0.5783847980997625 0.01875 0.0332541567695962
2 0.27421875 0.5748218527315915 0.015625 0.026128266033254157