2 0.13515625 0.8997395833333334 0.2671875 0.20052083333333334
2 0.321875 0.8125 0.203125 0.21614583333333334
2 0.7296875 0.890625 0.5046875 0.203125
2 0.0984375 0.7669270833333334 0.1171875 0.06510416666666667
5 0.50625 0.7135416666666666 0.2171875 0.3697916666666667
5 0.15078125 0.6848958333333334 0.1484375 0.23958333333333334
2 0.85625 0.76171875 0.0859375 0.13020833333333334
2 0.71875 0.7565104166666666 0.0421875 0.0234375
2 0.628125 0.7838541666666666 0.0296875 0.046875
2 0.67421875 0.75390625 0.0203125 0.013020833333333334
2 0.953125 0.7864583333333334 0.0875 0.052083333333333336