2 0.14453125 0.8559718969555035 0.2890625 0.28805620608899296
2 0.5484375 0.7728337236533958 0.034375 0.0585480093676815
2 0.38828125 0.765807962529274 0.0359375 0.04215456674473068
2 0.203125 0.7505854800936768 0.025 0.02810304449648712
2 0.3296875 0.7189695550351288 0.01875 0.02810304449648712
4 0.4546875 0.775175644028103 0.0125 0.03747072599531616
1 0.753125 0.7224824355971897 0.3765625 0.33489461358313816
5 0.27265625 0.7564402810304449 0.103125 0.17096018735362997
2 0.20234375 0.7213114754098361 0.0265625 0.02810304449648712
5 0.0546875 0.7400468384074942 0.0921875 0.08196721311475409
2 0.11640625 0.7681498829039812 0.0453125 0.07259953161592506
2 0.96328125 0.8911007025761124 0.0734375 0.21779859484777517
2 0.54453125 0.7646370023419203 0.0421875 0.06088992974238876
5 0.17265625 0.7693208430913349 0.0515625 0.07962529274004684
2 0.55859375 0.7798594847775175 0.015625 0.0585480093676815