2 0.1125 0.6958333333333333 0.21875 0.14375
1 0.51328125 0.6125 0.146875 0.27708333333333335
1 0.34765625 0.6041666666666666 0.115625 0.20625
1 0.85625 0.6145833333333334 0.15625 0.27291666666666664
1 0.19375 0.6041666666666666 0.1953125 0.25625
1 0.42890625 0.6208333333333333 0.053125 0.20416666666666666
1 0.59453125 0.621875 0.0328125 0.20833333333333334
2 0.965625 0.69375 0.0640625 0.08541666666666667
2 0.01796875 0.7520833333333333 0.0359375 0.1625
2 0.0484375 0.7572916666666667 0.0515625 0.1
1 0.69140625 0.6125 0.14375 0.2604166666666667