2 0.52734375 0.19240196078431374 0.440625 0.2107843137254902
2 0.34375 0.09681372549019608 0.109375 0.08333333333333333
2 0.26484375 0.09068627450980392 0.0453125 0.07107843137254902
4 0.153125 0.37745098039215685 0.303125 0.6470588235294118
4 0.41171875 0.3480392156862745 0.290625 0.5269607843137255
4 0.65078125 0.3382352941176471 0.2515625 0.44607843137254904
4 0.86171875 0.32965686274509803 0.246875 0.39950980392156865
2 0.5703125 0.056372549019607844 0.084375 0.0392156862745098
2 0.67421875 0.07598039215686274 0.078125 0.049019607843137254
0 0.3109375 0.20588235294117646 0.0671875 0.12990196078431374
2 0.48984375 0.05514705882352941 0.046875 0.0392156862745098
2 0.815625 0.07720588235294118 0.0640625 0.04411764705882353
2 0.85625 0.07598039215686274 0.0375 0.03431372549019608