3 0.15104166666666666 0.7509259259259259 0.06041666666666667 0.12037037037037036
2 0.658203125 0.6953125 0.06805419921875 0.10563151041666667
3 0.40234375 0.4448784722222222 0.0136871337890625 0.028157552083333332
3 0.3798828125 0.4848090277777778 0.018646240234375 0.038655598958333336
3 0.36376953125 0.4735243055555556 0.017181396484375 0.035807291666666664
3 0.6123046875 0.4891493055555556 0.0182342529296875 0.036078559027777776
3 0.427001953125 0.4155815972222222 0.0099334716796875 0.022976345486111112
3 0.6328125 0.5399305555555556 0.024383544921875 0.049506293402777776
3 0.578125 0.4544270833333333 0.014007568359375 0.03271484375
3 0.54931640625 0.4144965277777778 0.01049041748046875 0.023234049479166668
3 0.446533203125 0.4064670138888889 0.00933837890625 0.020616319444444444