3 0.25364583333333335 0.6203703703703703 0.040625 0.08888888888888889
3 0.6786458333333333 0.5907407407407408 0.03229166666666667 0.06666666666666667
3 0.4013671875 0.4557291666666667 0.0154266357421875 0.032036675347222224
3 0.380859375 0.4505208333333333 0.01490020751953125 0.032524956597222224
3 0.59619140625 0.4665798611111111 0.0163421630859375 0.034993489583333336
3 0.63623046875 0.5060763888888888 0.02203369140625 0.04391818576388889
2 0.798828125 0.9678819444444444 0.13232421875 0.056206597222222224
3 0.41357421875 0.4275173611111111 0.0121917724609375 0.026801215277777776
3 0.4365234375 0.3995225694444444 0.00847625732421875 0.019992404513888888
3 0.453857421875 0.3932291666666667 0.00803375244140625 0.019232855902777776
3 0.57861328125 0.4242621527777778 0.01016998291015625 0.026584201388888888