3 0.21145833333333333 0.7101851851851851 0.052083333333333336 0.10925925925925926
3 0.878125 0.7694444444444445 0.0625 0.11666666666666667
3 0.30625 0.6138888888888889 0.035416666666666666 0.06851851851851852
3 0.37604166666666666 0.5194444444444445 0.022916666666666665 0.04259259259259259
3 0.405875 0.4470925925925926 0.011156250000000038 0.029092592592592555
2 0.5336041666666667 0.41314814814814815 0.014145833333333318 0.022055555555555603
3 0.5500208333333333 0.4180185185185185 0.008656249999999944 0.020222222222222253
3 0.43615624999999997 0.4323148148148148 0.008906249999999952 0.024185185185185188
3 0.4453020833333333 0.4118703703703704 0.008406250000000053 0.02109259259259257
3 0.43195833333333333 0.41737037037037034 0.00791666666666669 0.01625925925925921
3 0.55978125 0.4180185185185185 0.009885416666666676 0.018462962962963014
2 0.6791666666666667 0.9851851851851852 0.08958333333333333 0.02962962962962963