3 0.7755208333333333 0.7675925925925926 0.057291666666666664 0.12407407407407407
3 0.9416666666666667 0.9092592592592592 0.08958333333333333 0.16666666666666666
3 0.2708333333333333 0.625 0.041666666666666664 0.08333333333333333
3 0.54736328125 0.4142795138888889 0.014007568359375 0.025987413194444444
2 0.456787109375 0.4479166666666667 0.0190582275390625 0.030544704861111112
1 0.5556640625 0.5403645833333334 0.034881591796875 0.07166883680555555
3 0.355712890625 0.5295138888888888 0.0269622802734375 0.052815755208333336
3 0.42724609375 0.388671875 0.0116424560546875 0.022705078125
3 0.382568359375 0.4392361111111111 0.01512908935546875 0.030544704861111112
3 0.359130859375 0.4661458333333333 0.018798828125 0.034993489583333336
3 0.40625 0.3971354166666667 0.00930023193359375 0.021674262152777776