3 0.21145833333333333 0.7101851851851851 0.052083333333333336 0.10925925925925926
3 0.878125 0.7694444444444445 0.0625 0.11666666666666667
3 0.30625 0.6148148148148148 0.035416666666666666 0.06666666666666667
3 0.37604166666666666 0.5194444444444445 0.022916666666666665 0.04259259259259259
2 0.6807291666666667 0.9833333333333333 0.09270833333333334 0.03333333333333333
2 0.5339479166666667 0.4130740740740741 0.013364583333333317 0.0227777777777778
3 0.5499166666666666 0.4195 0.009281250000000085 0.020462962962962985
3 0.4070520833333333 0.4468888888888889 0.012437500000000056 0.02640740740740739
3 0.4363854166666667 0.43237037037037035 0.009093750000000018 0.023111111111111145
3 0.4461354166666667 0.41174074074074074 0.0081666666666667 0.01881481481481486
3 0.43173958333333334 0.41933333333333334 0.008729166666666661 0.02079629629629633
3 0.55975 0.4180185185185185 0.00816666666666658 0.02079629629629633