3 0.16041666666666668 0.8092592592592592 0.07708333333333334 0.14814814814814814
3 0.9494791666666667 0.9203703703703704 0.096875 0.15555555555555556
3 0.2484375 0.5879629629629629 0.040625 0.07222222222222222
3 0.34765625 0.484375 0.0226287841796875 0.045979817708333336
3 0.6396484375 0.5143229166666666 0.02484130859375 0.051432291666666664
3 0.7080078125 0.5759548611111112 0.033843994140625 0.06700303819444445
3 0.40185546875 0.4025607638888889 0.011688232421875 0.027113172743055556
2 0.52587890625 0.3995225694444444 0.015838623046875 0.029052734375
3 0.56201171875 0.4151475694444444 0.0092315673828125 0.033365885416666664
3 0.5947265625 0.4233940972222222 0.01395416259765625 0.030897352430555556
2 0.441162109375 0.5785590277777778 0.042022705078125 0.0712890625