3 0.7984375 0.8 0.06354166666666666 0.12962962962962962
3 0.2828125 0.6074074074074074 0.03854166666666667 0.07777777777777778
3 0.54833984375 0.4157986111111111 0.01358795166015625 0.025987413194444444
3 0.38525390625 0.4366319444444444 0.0150146484375 0.029622395833333332
1 0.56103515625 0.5607638888888888 0.03948974609375 0.0803493923611111
2 0.457275390625 0.4444444444444444 0.0182342529296875 0.029378255208333332
3 0.361328125 0.51953125 0.0268096923828125 0.051323784722222224
3 0.61279296875 0.4809027777777778 0.018798828125 0.039632161458333336
3 0.406982421875 0.3971354166666667 0.0092315673828125 0.021185980902777776
3 0.363037109375 0.4626736111111111 0.0186920166015625 0.035319010416666664
3 0.963653564453125 0.9331597222222222 0.07269287109375 0.1254340277777778