3 0.17135416666666667 0.7037037037037037 0.05520833333333333 0.11481481481481481
3 0.3098958333333333 0.5805555555555556 0.03229166666666667 0.06481481481481481
3 0.36770833333333336 0.524074074074074 0.022916666666666665 0.04814814814814815
2 0.5424791666666666 0.422962962962963 0.015666666666666627 0.025481481481481466
3 0.5625 0.4242592592592592 0.012624999999999886 0.02461111111111115
3 0.41015625 0.4735185185185185 0.01758333333333333 0.033370370370370335
3 0.5473750000000001 0.40101851851851855 0.009677083333333296 0.018296296296296286
3 0.5558958333333333 0.3972222222222222 0.007208333333333409 0.019018518518518483
3 0.46411458333333333 0.375 0.006416666666666634 0.013833333333333383
3 0.42065625 0.4262222222222222 0.011166666666666695 0.023499999999999997
3 0.47973958333333333 0.36392592592592593 0.006343750000000033 0.010759259259259264
3 0.5298333333333333 0.38716666666666666 0.006197916666666714 0.015055555555555548
3 0.44629166666666664 0.40994444444444444 0.009968750000000052 0.02077777777777783