3 0.2046875 0.7194444444444444 0.053125 0.10555555555555556
3 0.8697916666666666 0.7638888888888888 0.06041666666666667 0.11296296296296296
3 0.3020833333333333 0.6212962962962963 0.035416666666666666 0.07222222222222222
2 0.671875 0.9629629629629629 0.08928125000000003 0.07407407407407407
2 0.5329999999999999 0.41303703703703704 0.012979166666666646 0.022611111111111075
3 0.5491666666666667 0.4189259259259259 0.008656249999999944 0.022611111111111075
3 0.5585729166666666 0.41779629629629633 0.008656249999999944 0.018555555555555523
3 0.44545833333333335 0.41327777777777774 0.00788541666666672 0.018555555555555523
3 0.43490625 0.4325 0.009666666666666638 0.02442592592592592
3 0.4304479166666667 0.41914814814814816 0.009927083333333305 0.021259259259259294
3 0.4061458333333333 0.44585185185185183 0.012718750000000037 0.030314814814814822
3 0.37420833333333337 0.5229814814814815 0.022135416666666668 0.04433333333333343