3 0.13072916666666667 0.8518518518518519 0.08645833333333333 0.16296296296296298
3 0.9125 0.8814814814814815 0.0875 0.16296296296296298
3 0.2359375 0.5990740740740741 0.042708333333333334 0.07962962962962963
3 0.3447265625 0.4874131944444444 0.0236053466796875 0.04847547743055555
3 0.56201171875 0.4134114583333333 0.0115509033203125 0.034857855902777776
3 0.6357421875 0.5069444444444444 0.0240478515625 0.050835503472222224
3 0.7021484375 0.56640625 0.033203125 0.06776258680555555
3 0.40087890625 0.4019097222222222 0.01229095458984375 0.027737087673611112
2 0.437744140625 0.5963541666666666 0.04559326171875 0.07725694444444445
2 0.5244140625 0.3969184027777778 0.014007568359375 0.030083550347222224
3 0.59375 0.4201388888888889 0.0137939453125 0.030300564236111112