3 0.06666666666666667 0.924074074074074 0.10416666666666667 0.14814814814814814
3 0.8604166666666667 0.8064814814814815 0.07083333333333333 0.13518518518518519
3 0.21302083333333333 0.6277777777777778 0.046875 0.08148148148148149
3 0.3375 0.49537037037037035 0.025 0.05
3 0.39990625 0.40429629629629626 0.01282291666666661 0.026999999999999972
3 0.630375 0.4960925925925926 0.0225833333333334 0.048314814814814824
3 0.6918958333333334 0.5520925925925926 0.031208333333333373 0.062333333333333275
2 0.4313958333333333 0.6358518518518519 0.05005208333333329 0.0881666666666667
3 0.5609999999999999 0.41353703703703704 0.013427083333333438 0.03398148148148152
3 0.59228125 0.4173148148148148 0.012729166666666696 0.027944444444444397
3 0.42334375 0.40016666666666667 0.01307291666666662 0.03125925925925925