3 0.19166666666666668 0.7648148148148148 0.06875 0.13703703703703704
3 0.2630208333333333 0.5703703703703704 0.036458333333333336 0.07037037037037037
2 0.44384765625 0.5577256944444444 0.038818359375 0.06624348958333333
3 0.352783203125 0.4791666666666667 0.0229339599609375 0.04383680555555555
3 0.64453125 0.5243055555555556 0.02630615234375 0.05577256944444445
3 0.71728515625 0.5863715277777778 0.035491943359375 0.07259114583333333
3 0.42626953125 0.3971354166666667 0.01078033447265625 0.025987413194444444
2 0.5263671875 0.4053819444444444 0.0164642333984375 0.032660590277777776
3 0.595703125 0.4251302083333333 0.014556884765625 0.03135850694444445
3 0.402587890625 0.4010416666666667 0.0115509033203125 0.026584201388888888
3 0.9750289916992188 0.953125 0.0499420166015625 0.0886501736111111