3 0.2546875 0.6231481481481481 0.04479166666666667 0.09259259259259259
3 0.6817708333333333 0.5898148148148148 0.034375 0.07407407407407407
3 0.6369791666666667 0.5083333333333333 0.023958333333333335 0.04814814814814815
3 0.596875 0.4666666666666667 0.017708333333333333 0.037037037037037035
3 0.4010416666666667 0.4564814814814815 0.016666666666666666 0.03518518518518519
3 0.38125 0.44907407407407407 0.016666666666666666 0.03518518518518519
2 0.798828125 0.9678819444444444 0.132568359375 0.056098090277777776
3 0.413330078125 0.4275173611111111 0.0121917724609375 0.026801215277777776
3 0.4365234375 0.3995225694444444 0.008514404296875 0.019992404513888888
3 0.453857421875 0.3932291666666667 0.00803375244140625 0.019232855902777776
3 0.57861328125 0.4242621527777778 0.0102081298828125 0.026801215277777776