3 0.06666666666666667 0.924074074074074 0.10416666666666667 0.14814814814814814
3 0.8604166666666667 0.8064814814814815 0.07083333333333333 0.13518518518518519
3 0.21302083333333333 0.6277777777777778 0.046875 0.08148148148148149
3 0.3375 0.49537037037037035 0.025 0.05
3 0.56103515625 0.4123263888888889 0.01322174072265625 0.03125
3 0.39990234375 0.404296875 0.01282501220703125 0.027004665798611112
3 0.59228515625 0.4171006944444444 0.01262664794921875 0.027859157986111112
3 0.63037109375 0.49609375 0.0225067138671875 0.04820421006944445
3 0.69189453125 0.5520833333333334 0.0311431884765625 0.06222873263888889
2 0.43115234375 0.6358506944444444 0.050048828125 0.08799913194444445
3 0.42333984375 0.4001736111111111 0.01312255859375 0.03125