3 0.31875 0.5722222222222222 0.029166666666666667 0.06296296296296296
3 0.3302083333333333 0.5259259259259259 0.019791666666666666 0.040740740740740744
3 0.3848958333333333 0.48148148148148145 0.016666666666666666 0.037037037037037035
3 0.41510416666666666 0.44537037037037036 0.013541666666666667 0.03148148148148148
3 0.5911458333333334 0.48055555555555557 0.016666666666666666 0.03888888888888889
3 0.5880208333333333 0.4537037037037037 0.015625 0.018518518518518517
3 0.43896484375 0.4292534722222222 0.00981903076171875 0.023600260416666668
2 0.5712890625 0.5125868055555556 0.03131103515625 0.04885525173611111
3 0.429443359375 0.4084201388888889 0.0090179443359375 0.019992404513888888
3 0.54541015625 0.4049479166666667 0.008544921875 0.022976345486111112
3 0.53173828125 0.4027777777777778 0.01090240478515625 0.023328993055555556