3 0.7885416666666667 0.7870370370370371 0.06041666666666667 0.12962962962962962
3 0.278125 0.6148148148148148 0.03958333333333333 0.08148148148148149
3 0.5478515625 0.4149305555555556 0.0135345458984375 0.026801215277777776
1 0.55859375 0.5516493055555556 0.036285400390625 0.0759548611111111
3 0.9574127197265625 0.9253472222222222 0.085174560546875 0.1408420138888889
3 0.35888671875 0.5234375 0.0265045166015625 0.050374348958333336
2 0.457275390625 0.4457465277777778 0.0188751220703125 0.030300564236111112
3 0.6123046875 0.4796006944444444 0.01861572265625 0.039469401041666664
3 0.38427734375 0.4379340277777778 0.01507568359375 0.030544704861111112
3 0.361572265625 0.46484375 0.019195556640625 0.03599717881944445
3 0.40673828125 0.3969184027777778 0.0092315673828125 0.0218505859375